0,0.0,198234.5625,-72913.65625,717.75293,153,
0,2.0,166487.5,-69729.71875,680.454102,273,
0,0.0,101436.789063,-19540.4375,2904.898926,153,
0,1.0,142240.375,-68228.5,1404.632813,303,
0,0.0,120291.21875,-87824.3125,2688.574707,275,
0,2.0,105940.4375,-75137.789063,6423.196289,248,
0,2.0,103202.5625,-61362.273438,3137.913086,324,
0,0.0,122386.15625,-88556.460938,2346.483887,234,
0,0.0,147848.40625,-98311.304688,3770.611816,160,
0,1.0,181804.21875,-97874.46875,4312.509766,281,
0,0.0,169366.875,-80044.4375,2812.256348,226,
0,1.0,170526.640625,-75888.398438,1707.993652,353,
0,2.0,199188.21875,-78973.890625,2288.660645,57,
0,1.0,162906.71875,-82388.546875,2214.80957,243,
0,0.0,173562.90625,-99738.6875,5468.647461,100,
0,1.0,178078.875,-87362.875,4035.007813,44,
0,0.0,189814.828125,-91681.945313,4620.425781,81,
0,0.0,107964.625,-61903.695313,1452.688965,334,
0,1.0,137299.890625,-3340.828125,914.606934,104,
0,2.0,127938.820313,-94179.875,1788.78125,103,
0,2.0,115043.109375,-20001.882813,4591.371582,93,
0,2.0,171132.65625,-77026.617188,2105.588867,173,
0,0.0,163075.921875,-93309.296875,4022.579834,334,
0,2.0,153259.5625,-100446.226563,5223.575195,239,
0,2.0,116756.59375,-93927.625,2992.972168,7,
0,2.0,136776.921875,-65450.628906,1130.849609,263,
0,0.0,129018.585938,-92755.5625,1661.76709,239,
0,0.0,123570.515625,-13590.945313,6984.94873,159,
0,1.0,135952.484375,-99594.101563,2320.745605,154,
0,2.0,148549.796875,-93035.507813,2569.856934,318,
0,0.0,116501.257813,-72387.609375,2091.336426,333,
0,1.0,178992.53125,-99249.5625,4821.415527,138,
0,1.0,165739.96875,-100227.8125,5783.473633,79,
0,1.0,102055.117188,-97557.617188,4281.873535,147,
0,0.0,112179.109375,-14021.617188,862.958496,215,
0,1.0,154662.34375,-85520.1875,1537.015137,60,
0,0.0,111797.648438,-80441.273438,2784.26123,90,
0,1.0,174710.359375,-65546.0,981.947754,89,
0,2.0,118245.5,-78290.96875,2398.498047,177,
0,2.0,118439.304688,-501.4375,3356.051758,69,
0,1.0,161667.0,-98628.15625,5209.751953,8,
0,2.0,161931.546875,-82739.242188,2084.285156,280,
0,2.0,171489.5,-80788.890625,3241.138184,152,
0,0.0,181755.0,-74710.1875,1702.953125,218,
0,0.0,101889.0,-25843.703125,5275.484375,220,
0,1.0,137312.203125,-2497.929688,977.779297,247,
0,1.0,182499.46875,-93333.90625,3906.259766,303,
0,1.0,150327.875,-61731.425781,1042.105469,98,
0,1.0,128569.453125,-95413.460938,1773.655273,210,
0,1.0,172280.109375,-70108.09375,1073.516602,49,
0,0.0,125573.171875,-74860.921875,485.519531,259,
0,2.0,112271.390625,-74885.539063,3748.549805,138,
0,0.0,106841.789063,-87418.242188,4860.671387,267,
0,2.0,144313.78125,-85947.789063,515.975586,213,
0,1.0,116387.4375,-65099.933594,560.641113,317,
0,0.0,133171.546875,-94693.609375,1405.944824,57,
0,0.0,184649.78125,-69529.757813,801.558105,358,
0,1.0,195404.40625,-91709.632813,5879.587891,263,
0,0.0,162432.984375,-85107.96875,2691.281738,265,
0,0.0,179786.1875,-81078.0625,3120.339844,281,
0,2.0,126203.804688,-92491.007813,1992.784668,360,
0,0.0,182570.21875,-96376.328125,4102.375977,287,
0,2.0,119134.546875,-91503.523438,2721.57959,343,
0,0.0,161676.21875,-88227.304688,3155.114746,115,
0,2.0,177454.390625,-98095.960938,4832.06543,324,
0,2.0,124339.585938,-8515.101563,7071.24707,150,
0,1.0,109133.601563,-95921.039063,4460.678223,313,
0,0.0,159255.203125,-73455.070313,481.007324,128,
0,2.0,184013.0,-87184.445313,3617.29248,60,
0,2.0,131058.148438,-90380.6875,1237.274902,146,
0,0.0,136401.625,-87276.734375,563.136719,21,
0,1.0,113255.796875,-76592.867188,3054.868652,346,
0,1.0,147063.96875,-95124.289063,2874.637695,164,
0,2.0,145408.9375,-63983.25,1483.65918,130,
0,2.0,124391.882813,-84397.351563,1812.714355,193,
0,0.0,102565.773438,-95305.789063,4908.317871,151,
0,1.0,182471.78125,-87402.859375,3657.361816,69,
0,0.0,156877.25,-84591.15625,1616.73584,34,
0,2.0,122223.117188,-15405.9375,6801.96875,179,
0,0.0,111582.3125,-77783.375,3251.093262,212,
0,0.0,101095.320313,-26348.21875,4931.19043,269,
0,1.0,167678.015625,-94708.992188,4447.053223,83,
0,0.0,139022.59375,-90362.234375,981.114258,132,
0,0.0,111517.710938,-69508.226563,3105.494629,96,
0,1.0,116218.242188,-70092.71875,1794.700684,129,
0,2.0,143529.328125,-62279.0,1461.350586,176,
0,0.0,102082.804688,-86606.109375,6784.086426,117,
0,0.0,114381.710938,-12065.109375,1595.48584,50,
0,2.0,109576.585938,-90919.03125,3754.724609,54,
0,1.0,122767.609375,-88144.242188,2332.335938,130,
0,1.0,173172.234375,-70314.203125,1129.415039,334,
0,0.0,168081.0,-90795.984375,4222.904785,244,
0,1.0,172200.125,-97631.445313,5048.367188,223,
0,0.0,141862.0,-61479.171875,1390.236328,267,
0,1.0,112662.078125,-84338.90625,2475.855469,122,
0,2.0,193266.40625,-73854.984375,721.087402,97,
0,1.0,137167.609375,-100495.453125,2608.858887,104,
0,2.0,106014.273438,-61285.367188,2369.783691,14,
0,1.0,146922.453125,-99271.09375,3832.682129,19,
0,2.0,149106.59375,-84126.640625,515.056641,2,
0,2.0,133423.796875,-91263.578125,1013.05127,296,
0,2.0,161562.40625,-64109.378906,1029.220703,341,
0,2.0,131747.234375,-88642.59375,981.188965,195,
0,1.0,198268.40625,-93115.484375,7200.166504,31,
0,1.0,132888.53125,-4971.242188,4091.296631,200,
0,2.0,170677.375,-75470.03125,1604.897461,36,
0,0.0,131722.625,-10834.609375,1989.151855,208,
0,1.0,179210.9375,-67379.453125,1164.732422,311,
0,2.0,139136.421875,-89264.0,819.788086,21,
0,0.0,174310.4375,-87808.929688,4359.377441,165,
0,2.0,171800.21875,-63229.566406,612.916504,80,
0,2.0,181019.78125,-65869.0,727.036133,150,
0,1.0,192202.0,-90888.273438,5031.231445,244,
0,2.0,121626.320313,-85541.71875,2406.429199,300,
0,2.0,201218.53125,-83240.671875,4113.891113,241,
0,2.0,200572.53125,-74728.648438,1119.246094,255,
0,1.0,179961.546875,-100520.0625,4948.71582,308,
0,0.0,169649.90625,-65349.113281,1096.043945,291,
0,2.0,183228.53125,-78127.921875,2197.395996,334,
0,0.0,107426.273438,-87535.140625,4390.850586,108,
0,1.0,180539.875,-90848.28125,3860.15332,221,
0,1.0,180432.21875,-71480.109375,1498.182129,187,
0,0.0,123149.070313,-16833.328125,4928.339844,251,
0,0.0,121315.617188,-74021.109375,1354.183594,74,
0,0.0,110071.867188,-99015.765625,4336.253418,100,
0,0.0,118762.3125,-83717.5,2059.776855,24,
0,1.0,142720.28125,-86535.359375,556.253906,60,
0,1.0,171834.0625,-89097.882813,4431.69043,136,
0,1.0,120771.117188,-74356.421875,1470.714844,128,
0,2.0,120137.40625,-72750.609375,1309.622559,166,
0,1.0,171271.09375,-88737.960938,4393.958496,142,
0,1.0,121029.523438,-24314.804688,1225.39502,181,
0,1.0,188279.765625,-74547.148438,1024.896484,125,
0,2.0,108958.257813,-65398.332031,2201.737793,236,
0,2.0,115695.28125,-12984.921875,4271.087402,113,
0,0.0,167558.03125,-99286.476563,5395.911133,133,
0,1.0,120648.0625,-19488.140625,4033.179199,225,
0,1.0,198240.71875,-78924.671875,2219.054199,91,
0,2.0,163451.21875,-67388.679688,976.991211,154,
1,2.0,119460.625,-27052.679688,961.685547,183,
1,2.0,142006.578125,-100627.726563,3328.614258,298,
1,2.0,142932.53125,-86479.984375,554.129883,52,
1,0.0,121906.257813,-100480.070313,2879.892578,227,
1,0.0,188073.65625,-78167.914063,1780.597656,195,
1,2.0,117353.382813,-72427.601563,1924.946777,318,
1,1.0,159898.140625,-81905.578125,1497.707031,14,
1,2.0,144864.4375,-67407.140625,1446.312012,152,
1,0.0,169517.625,-80930.398438,3078.423828,126,
1,1.0,128363.34375,-84163.554688,1093.963379,262,
1,2.0,123715.101563,-9868.65625,6690.585449,356,
1,0.0,153499.515625,-85024.90625,1248.043457,180,
1,2.0,191762.09375,-89024.054688,4650.452637,288,
1,2.0,148119.125,-88528.773438,1341.288086,137,
1,0.0,180284.5625,-96228.671875,4213.495605,135,
1,2.0,141791.234375,-56824.78125,967.348145,258,
1,0.0,103716.296875,-72113.820313,6601.118652,70,
1,1.0,111886.859375,-96333.265625,4304.580566,69,
1,0.0,180201.5,-85514.03125,3718.57373,109,
1,2.0,167465.75,-88701.046875,4051.606445,245,
1,0.0,108709.078125,-92131.085938,4245.372559,110,
1,2.0,139188.71875,-96376.328125,2113.531738,49,
1,0.0,116510.492188,-6020.257813,1254.956055,214,
1,0.0,122370.773438,-8035.210938,7755.838867,129,
1,0.0,130209.101563,-82720.789063,730.910156,171,
1,0.0,133325.359375,-92881.695313,1194.362305,309,
1,1.0,176749.9375,-98945.007813,5088.90625,335,
1,0.0,167662.640625,-95638.023438,4549.76123,208,
1,2.0,153228.796875,-90885.195313,2732.145996,338,
1,1.0,113286.5625,-30270.453125,1806.472168,179,
1,0.0,120780.34375,-75593.078125,1649.360352,131,
1,2.0,194592.265625,-79216.921875,2041.80127,309,
1,0.0,104122.367188,-95090.453125,4880.277832,241,
1,1.0,197911.5625,-74341.039063,956.492188,51,
1,2.0,159319.796875,-64635.421875,695.250977,7,
1,0.0,134608.15625,-1476.609375,3715.318848,113,
1,1.0,103780.898438,-23853.367188,5240.333984,145,
1,1.0,104485.367188,-23244.265625,5021.966797,158,
1,2.0,160454.9375,-65395.257813,842.248047,192,
1,1.0,168634.75,-72833.671875,829.876465,307,
1,2.0,144193.8125,-67822.429688,1438.601074,221,
1,0.0,158363.078125,-83640.59375,1599.324219,165,
1,0.0,133605.296875,-58006.066406,537.568848,212,
1,1.0,147971.453125,-75270.070313,615.710449,293,
1,0.0,121900.109375,-19795.773438,3224.601563,140,
1,1.0,166170.65625,-62872.71875,1182.830078,291,
1,1.0,115916.765625,-67757.828125,1255.129883,122,
1,0.0,176513.0625,-86581.5,4150.642578,337,
1,1.0,114406.320313,-92657.125,2991.880371,197,
1,0.0,160144.234375,-99474.132813,5462.490234,215,
1,2.0,120272.765625,-12.304688,4029.275635,43,
1,0.0,152915.015625,-71981.539063,700.757324,56,
1,1.0,192038.96875,-96188.679688,5777.724609,18,
1,1.0,169170.0,-72107.671875,829.82373,140,
1,1.0,116479.726563,-67419.4375,1064.330078,145,
1,2.0,120777.265625,-6023.328125,7298.625977,48,
1,0.0,180183.03125,-97526.851563,4401.22998,61,
1,1.0,154136.296875,-82948.429688,895.342773,118,
1,1.0,184978.9375,-95567.273438,4085.174316,57,
1,2.0,192712.671875,-75965.304688,1112.64209,70,
1,2.0,146030.328125,-64312.410156,1460.595215,25,
1,1.0,116378.210938,-88251.914063,2739.880859,230,
1,1.0,148239.09375,-56824.78125,838.506836,275,
1,2.0,190786.921875,-92894.0,4918.345215,145,
1,0.0,117544.109375,-87458.234375,2524.494629,334,
1,0.0,104543.8125,-62549.710938,2987.99707,283,
1,0.0,150577.0625,-93447.726563,2982.141113,82,
1,0.0,113880.28125,-69649.734375,2311.373047,300,
1,1.0,128492.546875,-83514.460938,1006.057129,226,
1,1.0,178737.1875,-98791.195313,4775.789551,128,
1,0.0,159046.015625,-67071.820313,632.979004,23,
1,0.0,172058.625,-99901.726563,5511.274414,133,
1,1.0,160673.359375,-60285.578125,480.82959,65,
1,2.0,126059.21875,-81567.1875,1113.136719,319,
1,2.0,187652.21875,-96062.546875,4398.456055,352,
1,1.0,139994.703125,-86544.585938,507.61084,272,
1,1.0,183766.875,-89814.65625,3799.780762,57,
1,2.0,124373.421875,-9296.476563,6727.339355,115,
1,2.0,127766.546875,-92183.382813,1844.144531,228,
1,0.0,100864.601563,-68219.265625,5992.842773,304,
1,0.0,122890.664063,-23324.242188,557.35791,2,
1,2.0,180896.734375,-81474.898438,3113.240723,348,
1,1.0,171006.53125,-65992.046875,1045.395996,89,
1,1.0,148697.46875,-54594.488281,589.823242,18,
1,2.0,130215.25,-612.179688,7602.629883,235,
1,1.0,109994.960938,-30375.046875,3147.500488,56,
1,0.0,166567.484375,-95275.023438,4467.27832,201,
1,0.0,156671.140625,-92235.671875,3476.128418,317,
1,0.0,116418.203125,-19491.21875,4806.0,67,
1,0.0,111942.234375,-30036.664063,2620.307617,346,
1,2.0,139400.984375,-75251.609375,636.785645,171,
1,2.0,151641.4375,-100061.695313,4857.010742,59,
1,2.0,119817.476563,-13778.59375,6754.250977,208,
1,2.0,176620.71875,-100310.875,5382.001953,288,
1,2.0,112942.023438,-23730.320313,4627.510254,293,
1,1.0,168628.59375,-67487.125,1093.462891,135,
1,0.0,196828.71875,-72861.351563,661.260254,113,
1,2.0,171631.03125,-77623.414063,2330.671387,223,
1,2.0,117990.171875,-76485.195313,2187.249023,151,
1,2.0,149223.5,-97136.164063,3712.90332,325,
1,1.0,138355.0625,-71547.789063,949.361328,293,
1,2.0,116562.78125,-70040.421875,1701.90332,58,
1,0.0,121020.296875,-10643.882813,7084.797363,25,
1,2.0,105718.953125,-28824.609375,4830.526855,348,
1,2.0,110013.414063,-70738.734375,4006.945068,323,
1,2.0,134854.265625,-67887.03125,867.718262,272,
1,1.0,145565.8125,-60439.394531,1300.372559,238,
1,0.0,121718.609375,-20786.328125,2597.834473,96,
1,1.0,108862.890625,-85434.054688,3482.066406,62,
1,2.0,174067.421875,-77177.359375,2338.004883,221,
1,2.0,159713.5625,-60897.757813,483.087891,98,
1,0.0,142378.8125,-73590.429688,907.001953,110,
1,1.0,111914.546875,-84425.039063,2588.382324,143,
1,2.0,127831.148438,-1633.492188,7931.234863,99,
1,2.0,181610.421875,-78970.820313,2526.190918,147,
1,0.0,159990.4375,-93469.257813,3906.856201,12,
1,1.0,137967.4375,-55588.125,674.270996,75,
1,1.0,103894.726563,-84717.28125,7361.888184,29,
1,0.0,198249.9375,-74894.765625,1078.796875,50,
1,0.0,109745.78125,-26409.742188,5980.100586,279,
1,1.0,105392.867188,-65103.011719,3003.634277,288,
1,1.0,152915.015625,-84381.96875,1019.250488,249,
1,2.0,123059.859375,-93435.421875,2306.049316,213,
1,1.0,130584.40625,-91755.78125,1397.94043,63,
1,0.0,176297.71875,-86649.179688,4172.21582,226,
1,2.0,177540.53125,-65659.8125,928.380859,244,
1,2.0,195173.6875,-94785.898438,6710.591797,158,
1,0.0,122850.671875,-86569.195313,2429.003906,105,
1,0.0,168963.90625,-91494.296875,4341.1875,82,
1,0.0,175061.0625,-67480.96875,1205.393555,281,
1,2.0,175334.84375,-92915.53125,4451.498047,45,
1,1.0,188572.015625,-98729.671875,4982.861328,78,
1,2.0,184551.34375,-72529.117188,1182.132324,54,
1,1.0,135281.859375,-89983.851563,828.55127,81,
1,2.0,182321.03125,-79906.0,2669.288086,219,
1,0.0,121229.484375,-72264.5625,1041.118652,358,
1,1.0,107001.75,-98477.421875,4770.250488,356,
1,0.0,130633.625,-9785.601563,3849.571289,350,
1,2.0,168530.140625,-75248.53125,1299.553711,107,
1,2.0,122472.289063,-78207.90625,1605.885254,316,
1,0.0,163598.890625,-99015.765625,5347.602539,336,
1,2.0,171015.765625,-86972.1875,4292.430664,3,
1,1.0,161310.140625,-99941.71875,5650.075195,333,
1,2.0,104306.945313,-66465.796875,3934.392822,257,
1,0.0,160965.609375,-62937.320313,881.694336,355,
1,1.0,106355.734375,-99523.351563,4626.779297,235,
1,0.0,147310.0625,-61817.558594,1299.896484,257,
1,1.0,110837.859375,-73009.015625,4329.67041,257,
1,2.0,165201.625,-78580.132813,1715.232422,357,
1,1.0,147706.90625,-54102.285156,585.477539,60,
1,1.0,160334.96875,-89513.179688,3218.381348,17,
1,0.0,139351.765625,-75340.828125,625.260742,319,
1,0.0,134829.65625,-93023.203125,1194.582031,244,
1,1.0,191177.609375,-87510.53125,4271.811035,212,
1,1.0,125465.5,-9330.3125,6399.09375,264,
1,2.0,120466.570313,-14446.140625,6915.759277,342,
1,0.0,173738.25,-88984.0625,4421.797852,44,
1,1.0,136647.71875,-9013.460938,591.049316,272,
1,2.0,102368.898438,-62426.660156,3719.850098,210,
1,0.0,112585.171875,-66887.25,1804.485352,124,
1,1.0,105912.75,-23093.523438,4957.537109,272,
1,1.0,166407.515625,-86095.453125,3671.36377,350,
1,1.0,178008.125,-70295.75,1453.961426,50,
1,2.0,112197.5625,-75122.40625,3717.901855,67,
1,0.0,162734.46875,-78081.78125,1152.475586,167,
1,2.0,118097.84375,-79463.015625,2357.067871,94,
1,0.0,121069.515625,-12203.546875,7108.226074,312,
1,0.0,189737.921875,-86473.828125,3855.133301,116,
1,2.0,158372.3125,-64595.425781,589.591797,11,
1,1.0,136047.84375,-70138.859375,871.044434,27,
1,1.0,156071.265625,-68314.632813,683.66748,358,
1,2.0,156766.5,-73630.421875,521.666016,53,
1,1.0,197182.484375,-90679.085938,6117.40918,336,
1,0.0,100926.125,-91814.226563,5001.02832,74,
1,0.0,152465.875,-92161.84375,2943.572754,293,
1,2.0,143326.296875,-74719.421875,785.401367,129,
1,1.0,188015.21875,-98326.679688,4710.491211,147,
1,0.0,116418.203125,-28846.148438,1432.397461,18,
1,1.0,170059.046875,-66271.992188,1094.246094,276,
1,2.0,111163.9375,-83133.007813,2840.606934,258,
1,2.0,194450.75,-88005.8125,4957.625,152,
1,1.0,111286.992188,-62303.609375,699.027344,355,
1,0.0,136115.53125,-69446.703125,921.044922,313,
1,1.0,131301.171875,-84686.523438,740.157227,77,
1,1.0,156265.078125,-91937.28125,3372.595215,48,
1,2.0,147380.8125,-52930.230469,476.325195,237,
1,0.0,143840.03125,-74433.328125,817.812012,162,
1,0.0,148583.625,-95133.515625,3111.019043,205,
1,1.0,122850.671875,-7687.585938,7846.099609,203,
1,1.0,119109.9375,-97892.929688,2760.550781,71,
1,2.0,116368.984375,-904.421875,1384.74707,47,
1,0.0,186258.65625,-76279.085938,1553.701172,315,
1,2.0,125677.757813,-7346.117188,7497.319824,94,
1,0.0,152444.34375,-63534.117188,871.810059,276,
1,2.0,154468.53125,-70461.867188,758.446289,333,
1,2.0,112945.09375,-63626.402344,752.73877,360,
1,1.0,102193.546875,-34275.75,600.827637,345,
1,1.0,139207.171875,-76648.234375,491.222656,317,
1,1.0,153717.921875,-100655.414063,5350.108887,154,
1,2.0,132580.90625,-86495.359375,663.597656,101,
1,0.0,163881.90625,-77401.921875,1179.205078,63,
1,2.0,183400.8125,-71058.664063,1181.84668,51,
1,2.0,172846.140625,-73664.257813,1345.230469,130,
1,0.0,157427.90625,-92032.640625,3491.659668,355,
1,1.0,101006.109375,-91389.703125,5011.436523,223,
1,2.0,117061.140625,-11575.992188,5706.371094,75,
1,0.0,145018.25,-56947.832031,983.705078,128,
1,1.0,106100.40625,-59427.304688,1907.299805,122,
1,2.0,192848.03125,-96204.0625,6165.994141,320,
1,1.0,160048.875,-84043.578125,1972.023438,232,
1,1.0,112209.867188,-77245.03125,3188.494141,317,
1,2.0,123899.679688,-20746.335938,1516.609863,209,
1,1.0,110610.210938,-24059.476563,5824.283203,320,
1,0.0,101845.929688,-87190.601563,6413.647461,254,
1,2.0,185117.375,-85397.140625,3404.315918,176,
1,1.0,114184.828125,-84508.09375,2269.851074,251,
1,0.0,185425.0,-85695.53125,3445.12793,212,
1,0.0,124548.773438,-85547.875,2011.606934,147,
1,2.0,136521.59375,-54819.054688,514.705078,309,
1,1.0,107358.601563,-21998.375,4716.791016,85,
1,2.0,115587.609375,-93407.734375,2997.724121,303,
1,2.0,116728.90625,-75485.40625,2283.789063,160,
2,0.0,182084.171875,-74876.3125,1704.061523,36,
2,0.0,195432.09375,-81517.96875,2937.72168,149,
2,0.0,193131.03125,-73750.390625,702.964355,18,
2,0.0,135491.046875,-72941.335938,614.268066,161,
2,0.0,157449.4375,-95604.1875,4292.635742,14,
2,0.0,169446.875,-86289.25,4111.039551,18,
2,0.0,119211.453125,-84892.632813,2149.056152,18,
2,0.0,130415.210938,-81167.273438,474.202148,146,
2,0.0,153807.125,-97662.210938,4504.053711,14,
2,0.0,177531.296875,-100135.523438,5219.498047,296,
2,0.0,141311.34375,-60836.230469,1327.989746,173,
2,0.0,133365.34375,-86.132813,5155.099609,235,
2,0.0,165829.1875,-60217.902344,594.790527,21,
2,0.0,107017.132813,-63226.488281,1998.21582,8,
2,0.0,186766.25,-78487.84375,1959.637207,0,
2,0.0,120220.46875,-28295.492188,480.199219,108,
2,0.0,151001.578125,-61857.550781,979.655273,199,
2,0.0,179663.15625,-85701.6875,3791.255371,128,
2,0.0,192848.03125,-90697.546875,5140.439453,319,
2,0.0,148488.265625,-100304.71875,4354.39209,309,
2,0.0,144304.546875,-99443.367188,3441.580566,280,
2,0.0,178131.171875,-73313.5625,1612.026367,163,
2,0.0,119008.421875,-83366.804688,2055.104492,289,
2,0.0,165647.6875,-67265.625,1152.069336,324,
2,0.0,190267.03125,-88165.773438,4246.115723,297,
2,0.0,136718.484375,-71501.640625,829.899414,120,
2,0.0,155197.609375,-73344.328125,557.359863,231,
2,0.0,161719.28125,-94930.484375,4247.380371,289,
2,0.0,179044.8125,-80462.804688,3042.88916,193,
2,0.0,121687.84375,-9794.828125,7227.78125,360,
2,0.0,173406.03125,-87098.3125,4341.213867,80,
2,0.0,183170.09375,-85157.1875,3447.273926,28,
2,0.0,103214.867188,-17919.25,972.524414,169,
2,0.0,168810.078125,-87901.21875,4173.737793,1,
2,0.0,116418.203125,-23545.742188,3598.05127,109,
2,0.0,168788.546875,-69751.25,813.72998,29,
2,0.0,147780.734375,-62672.761719,1305.82959,162,
2,0.0,106469.554688,-22478.273438,4779.757324,139,
2,0.0,144876.734375,-95847.210938,2719.327637,236,
2,0.0,166521.34375,-81194.960938,2670.94873,214,
2,0.0,160276.53125,-84889.554688,2199.507324,230,
2,0.0,106337.28125,-16294.984375,498.692871,16,
2,0.0,101722.882813,-23096.601563,4805.863281,195,
2,0.0,104805.296875,-69459.007813,4986.866211,325,
2,0.0,153025.765625,-65093.78125,818.692871,194,
2,0.0,133549.921875,-2830.164063,4428.148438,338,
2,0.0,166198.328125,-60553.214844,642.73291,346,
2,0.0,118503.90625,-75949.921875,2019.486328,189,
2,0.0,154308.5625,-67871.65625,770.539063,330,
2,0.0,137069.171875,-70600.296875,929.088867,110,
2,0.0,197004.0625,-72793.679688,656.240234,298,
2,0.0,196013.5,-86470.75,4815.496094,26,
2,0.0,116002.90625,-70468.015625,1915.346191,52,
2,0.0,165244.6875,-67357.914063,1114.896973,102,
2,0.0,152804.28125,-93284.679688,3272.451172,114,
2,0.0,165358.515625,-84175.859375,3140.728516,67,
2,0.0,144326.078125,-68083.914063,1420.90918,123,
2,0.0,159046.015625,-84301.984375,1848.191895,3,
2,0.0,166524.421875,-78810.851563,2014.01709,98,
2,0.0,161380.90625,-97708.351563,4927.04541,282,
2,0.0,156698.828125,-92069.554688,3442.324707,161,
2,0.0,117534.882813,-74297.96875,2026.504395,187,
2,0.0,100999.960938,-66456.570313,5614.174805,49,
2,0.0,177549.75,-97219.226563,4670.029785,124,
2,0.0,121211.023438,-88851.78125,2569.225098,81,
2,0.0,104325.398438,-58938.175781,2284.108887,220,
2,0.0,124594.914063,-95198.117188,2149.645996,98,
2,0.0,120955.695313,-6900.0625,7581.166992,293,
2,0.0,118796.15625,-84381.96875,2091.92334,98,
2,0.0,140333.09375,-54102.285156,625.497559,34,
2,0.0,200794.015625,-78915.445313,2306.565918,177,
2,0.0,133725.265625,-86335.398438,502.377441,182,
2,0.0,118842.296875,-1725.789063,3982.822021,30,
2,0.0,144590.640625,-55892.671875,873.883301,139,
2,0.0,176562.28125,-67524.03125,1228.856934,273,
2,0.0,170926.5625,-74147.234375,1283.62793,140,
2,0.0,133549.921875,-58002.988281,532.205566,282,
2,0.0,109358.171875,-89602.390625,3493.681152,89,
2,0.0,164389.484375,-64487.757813,1393.338867,327,
2,0.0,116704.296875,-92377.1875,2787.190918,168,
2,0.0,133500.703125,-96674.726563,1684.148926,81,
2,0.0,102387.351563,-64198.589844,4323.586426,156,
2,0.0,175014.90625,-73578.125,1483.59375,279,
2,0.0,135312.625,-69415.9375,844.159668,153,
3,0.0,136441.609375,-86673.789063,508.057129,9,
3,0.0,108869.046875,-100680.023438,4227.025391,222,
3,0.0,108518.351563,-19875.75,3074.371094,119,
3,0.0,103571.71875,-33066.78125,946.510254,210,
3,0.0,146787.09375,-88799.484375,1250.021484,35,
3,0.0,148371.375,-87525.914063,1131.904297,129,
3,0.0,167041.21875,-88162.703125,3970.950928,281,
3,0.0,165063.1875,-78924.671875,1782.692871,165,
3,0.0,115396.882813,-30651.914063,884.931641,160,
3,0.0,105448.234375,-92878.617188,4669.862305,54,
3,0.0,178531.09375,-92524.84375,4066.211426,202,
3,0.0,132347.109375,-8044.4375,2759.229004,13,
3,0.0,161454.734375,-89033.28125,3269.499512,295,
3,0.0,130685.921875,-2282.59375,7180.361816,296,
3,0.0,154859.21875,-87335.1875,2036.876465,332,
3,0.0,105082.164063,-76817.429688,7557.090332,259,
3,0.0,161528.5625,-66425.8125,907.75293,115,
3,0.0,162983.640625,-92737.109375,3937.091797,118,
3,0.0,107217.09375,-22389.0625,4807.015625,7,
3,0.0,140606.875,-96047.171875,2223.088867,295,
3,0.0,148838.96875,-92072.632813,2359.442383,123,
3,0.0,106912.539063,-100547.75,4456.441895,221,
3,0.0,115412.265625,-100292.414063,3854.689941,175,
3,0.0,114390.945313,-90469.898438,2766.175293,9,
3,0.0,151284.59375,-94647.46875,3390.82959,324,
3,0.0,108032.296875,-98729.671875,4643.280762,165,
3,0.0,189507.203125,-81093.4375,2458.351563,167,
3,0.0,104279.257813,-68262.335938,4668.655762,23,
3,0.0,173199.90625,-76599.015625,2132.512207,145,
3,0.0,119869.773438,-9459.515625,7041.348145,249,
3,0.0,167502.671875,-76106.8125,1397.175781,18,
3,0.0,158775.296875,-95327.320313,4280.844238,33,
3,0.0,103307.15625,-90236.101563,4755.533691,27,
3,0.0,132033.328125,-69172.914063,516.941895,257,
3,0.0,160344.203125,-75596.15625,542.861328,54,
3,0.0,121312.539063,-25237.679688,667.518066,112,
3,0.0,111185.476563,-68606.875,2991.733887,80,
3,0.0,183570.0,-71535.484375,1207.981445,302,
3,0.0,198363.78125,-76392.90625,1435.921875,117,
3,0.0,113028.15625,-69166.757813,2425.35791,205,
3,0.0,116132.109375,-80961.164063,2481.952637,210,
3,0.0,105860.453125,-99043.453125,4655.114746,70,
3,0.0,162620.640625,-83228.367188,2344.415039,121,
3,0.0,177288.265625,-93540.015625,4280.833984,292,
3,0.0,134282.078125,-72252.25,565.097656,201,
3,0.0,114467.851563,-83372.953125,2195.79834,270,
3,0.0,185378.84375,-69542.0625,690.017578,48,
3,0.0,135023.453125,-89027.132813,726.881836,171,
3,0.0,143587.78125,-59781.070313,1284.231445,144,
3,0.0,109035.164063,-77666.484375,4795.809082,148,
3,0.0,178847.9375,-91565.046875,3996.936035,344,
3,0.0,155468.3125,-69791.242188,740.299316,185,
3,0.0,106518.78125,-80804.273438,6815.251953,271,
3,0.0,164266.4375,-99455.671875,5502.72168,154,
3,0.0,117319.546875,-84212.773438,2139.608398,294,
3,0.0,188528.9375,-87931.984375,3951.296387,64,
3,0.0,175851.65625,-65053.792969,869.975098,18,
3,0.0,139364.0625,-92241.828125,1329.089355,112,
3,0.0,125717.75,-87513.609375,2050.143066,149,
3,0.0,105217.515625,-28879.984375,4739.418457,73,
3,0.0,107635.460938,-67616.320313,3643.678711,10,
3,0.0,175660.921875,-85707.84375,4154.492676,323,
3,0.0,136001.71875,-63361.847656,1035.219727,166,
3,0.0,111539.242188,-73839.609375,4179.664063,326,
3,0.0,120632.6875,-78392.484375,2037.861816,270,
3,0.0,189064.21875,-85120.273438,3491.821777,88,
3,0.0,174864.171875,-65727.5,1008.97168,42,
3,0.0,122758.382813,-81238.03125,1897.92627,84,
3,0.0,167142.75,-63254.175781,1151.969238,8,
3,0.0,107463.195313,-74522.539063,5530.293945,294,
3,0.0,151622.984375,-98800.429688,4508.214355,101,
3,0.0,106386.5,-68449.984375,4217.087891,183,
3,0.0,115507.625,-75728.4375,2515.255371,74,
3,0.0,147500.78125,-55505.0625,741.901367,56,
3,0.0,161894.640625,-94573.640625,4180.654297,142,
3,0.0,116888.867188,-94678.234375,3024.536133,338,
3,0.0,107355.523438,-88202.6875,4244.112305,155,
3,0.0,115003.117188,-10197.820313,1335.087891,335,
3,0.0,111440.804688,-92334.117188,3610.958496,293,
3,0.0,164177.21875,-63414.140625,1319.75,129,
3,0.0,122666.09375,-99674.085938,2625.240234,33,
3,0.0,130273.703125,-89144.03125,1325.794922,304,
3,0.0,132476.3125,-13071.054688,877.393066,241,
3,0.0,153130.359375,-95967.1875,3970.191162,247,
3,0.0,163389.703125,-93952.234375,4130.472168,102,
3,0.0,101802.859375,-30731.890625,1942.982422,157,
3,0.0,131178.125,-14249.257813,1032.467285,260,
3,0.0,180586.03125,-85689.382813,3691.103027,350,
3,0.0,186658.578125,-98277.460938,4404.253418,154,
3,0.0,114498.609375,-82314.71875,2333.247559,0,
3,0.0,123598.203125,-79072.335938,1407.649902,133,
3,0.0,200760.1875,-79423.03125,2502.424316,217,
3,0.0,142295.75,-86550.734375,547.636719,81,
3,0.0,119211.453125,-13286.398438,6688.609375,140,
3,0.0,103116.429688,-91389.703125,4740.210449,304,
3,0.0,144729.078125,-57627.683594,1062.008301,7,
3,0.0,158421.53125,-78561.671875,685.564941,351,
3,0.0,157071.0625,-91838.835938,3423.412109,304,
3,0.0,122250.796875,-15944.289063,6363.926758,37,
3,0.0,127625.03125,-89328.609375,1890.369629,220,
3,0.0,137678.28125,-6343.257813,548.703613,333,
3,0.0,186080.234375,-99037.296875,4433.939941,134,
3,0.0,174396.59375,-68133.132813,1213.6875,347,
3,0.0,153114.96875,-96973.125,4225.308105,308,
3,0.0,110327.195313,-95019.695313,4321.522949,90,
3,0.0,153748.6875,-59728.777344,594.558105,229,
3,0.0,188316.6875,-91872.679688,4351.443848,343,
3,0.0,154853.0625,-81788.679688,791.52832,1,
3,0.0,139179.5,-57815.335938,963.512695,34,
3,0.0,162731.375,-67539.414063,881.519043,0,
3,0.0,175417.90625,-75196.242188,1837.078613,64,
3,0.0,146424.09375,-63952.488281,1433.59668,83,
3,0.0,178814.09375,-74328.734375,1739.52832,33,
3,0.0,182600.96875,-72649.09375,1432.041504,314,
3,0.0,105023.710938,-23136.59375,5009.413086,253,
3,0.0,122441.53125,-24247.125,492.799316,80,
3,0.0,141089.84375,-90313.007813,1101.023438,186,
3,0.0,146891.6875,-94201.40625,2621.345215,232,
3,0.0,114455.546875,-83923.609375,2181.470215,39,
3,0.0,104396.15625,-88750.265625,5233.177734,102,
3,0.0,120565.007813,-2445.625,5556.618164,161,
3,0.0,166527.5,-84114.335938,3354.71875,184,
3,0.0,142969.453125,-66419.65625,1504.495605,356,
3,0.0,116073.65625,-23158.132813,3836.687012,86,
3,0.0,117113.4375,-82256.265625,2255.182617,197,
3,0.0,108721.382813,-82182.4375,4364.496582,208,
3,0.0,136041.703125,-99434.140625,2303.26416,261,
3,0.0,104599.1875,-17774.664063,766.034668,273,
3,0.0,125730.054688,-14633.796875,4923.444336,25,
3,0.0,162842.125,-78330.953125,1228.999023,189,
3,0.0,124499.554688,-3491.5625,7695.460938,272,
3,0.0,181684.25,-71313.992188,1405.354004,47,
3,0.0,143446.265625,-95748.773438,2509.230957,17,
3,0.0,137684.421875,-60836.230469,1095.314453,20,
3,0.0,178223.453125,-84120.484375,3770.445801,267,
3,0.0,150398.625,-64736.9375,1107.701172,283,
3,0.0,159224.4375,-84920.3125,2017.665527,189,
3,0.0,107297.070313,-88944.070313,4229.785645,38,
3,0.0,166739.75,-76829.734375,1486.01123,260,
3,0.0,201461.5625,-88322.664063,5957.668945,165,
3,0.0,117882.5,-21896.859375,4048.351074,14,
3,0.0,157314.078125,-86596.882813,2169.262695,137,
3,0.0,119140.695313,-9111.898438,6552.851563,135,
3,0.0,174602.6875,-66678.0625,1136.21875,133,
3,0.0,198625.25,-76392.90625,1444.573242,307,
3,0.0,129086.265625,-11923.609375,4393.074707,152,
3,0.0,150761.625,-90636.015625,2278.260254,54,
3,0.0,180139.96875,-74104.164063,1704.345215,182,
3,0.0,195106.0,-89959.242188,5508.600586,174,
3,0.0,178851.015625,-94146.039063,4132.58252,30,
3,0.0,107250.929688,-59713.394531,1390.287109,129,
3,0.0,110065.710938,-23699.546875,5811.919922,154,
3,0.0,122724.546875,-91414.3125,2278.435059,235,
3,0.0,131519.59375,-15325.953125,585.802734,306,
3,0.0,111717.664063,-27655.625,5044.141602,231,
3,0.0,147260.84375,-53382.4375,527.253418,352,
3,0.0,139702.453125,-64549.285156,1389.619141,4,
3,0.0,147137.796875,-75177.78125,660.240723,79,
3,0.0,156578.84375,-100006.320313,5473.733398,142,
3,0.0,162288.40625,-78906.21875,1266.544922,163,
3,0.0,165946.078125,-98981.929688,5319.69043,333,
3,0.0,164121.859375,-62435.890625,1168.064453,201,
3,0.0,116304.375,-69499.0,1657.364258,302,
3,0.0,171754.0625,-99760.21875,5474.632813,259,
3,0.0,146454.859375,-61549.925781,1336.248047,158,
3,0.0,102987.226563,-94099.890625,4908.709473,164,
3,0.0,134279.0,-10985.34375,759.399902,250,
3,0.0,170259.0,-64423.15625,934.582031,332,
3,0.0,177777.40625,-74682.5,1778.307617,95,
3,0.0,134602.0,-11308.351563,653.328125,346,
3,0.0,186913.90625,-81997.859375,2701.186035,313,
3,0.0,198440.671875,-89251.695313,6024.05957,330,
3,0.0,160968.6875,-96570.132813,4615.365723,168,
3,0.0,137481.390625,-74254.90625,639.000977,150,
3,0.0,185634.1875,-99311.085938,4439.068848,233,
3,0.0,136650.796875,-69674.34375,957.143066,65,
3,0.0,152204.40625,-90349.921875,2432.544922,74,
3,0.0,155929.75,-86049.304688,1850.752441,17,
3,0.0,124558.0,-19414.3125,1522.501953,303,
3,0.0,111603.84375,-32033.15625,941.885254,299,
3,0.0,161980.78125,-96619.351563,4634.365723,352,
3,0.0,189787.140625,-100120.148438,5964.459961,274,
3,0.0,114520.148438,-31488.65625,652.373047,27,
3,0.0,130907.414063,-7583.0,5003.135742,225,
3,0.0,138671.90625,-90559.109375,993.466797,39,
3,0.0,103150.265625,-67201.03125,4660.348633,91,
3,0.0,175017.984375,-68246.953125,1240.724121,159,
3,0.0,162765.21875,-79755.265625,1555.625,246,
3,0.0,162808.28125,-84628.070313,2681.535645,23,
3,0.0,175457.890625,-100704.632813,5586.404297,228,
3,0.0,145390.46875,-97443.796875,3158.497559,79,
3,0.0,174728.8125,-86243.109375,4252.838867,42,
3,0.0,182982.4375,-99987.867188,4596.554199,328,
3,0.0,114803.164063,-10185.515625,1146.30127,143,
3,0.0,147709.96875,-64856.910156,1354.688965,356,
3,0.0,119343.734375,-5629.570313,6165.990234,198,
3,0.0,130504.421875,-10047.085938,3896.804688,38,
3,0.0,133854.46875,-69582.054688,686.911133,77,
3,0.0,129233.921875,-10600.8125,5050.125,23,
3,0.0,144104.59375,-74805.554688,773.530762,31,
3,0.0,191623.671875,-92284.898438,5062.796875,345,
3,0.0,137961.296875,-486.046875,775.681152,162,
3,0.0,101486.007813,-16627.210938,495.435547,318,
3,0.0,119605.210938,-73516.601563,1511.77002,126,
3,0.0,154671.5625,-66118.179688,690.510742,220,
3,0.0,105758.9375,-33297.5,861.214355,169,
3,0.0,107890.789063,-92164.921875,4390.802246,83,
3,0.0,116768.890625,-65622.90625,594.828125,31,
3,0.0,180641.40625,-90519.117188,3847.72998,73,
3,0.0,167247.34375,-73938.046875,831.374023,11,
3,0.0,176882.203125,-90611.40625,4195.539063,179,
3,0.0,118380.859375,-13446.359375,6308.766602,303,
3,0.0,103830.125,-72624.484375,6877.242188,146,
3,0.0,170206.71875,-69308.265625,950.520996,201,
3,0.0,100818.460938,-69834.3125,6247.313477,32,
3,0.0,140345.40625,-68508.4375,1312.11084,115,
3,0.0,135189.578125,-10994.578125,606.006836,314,
3,0.0,141096.0,-100043.242188,3085.054199,286,
3,0.0,113305.023438,-72938.265625,3335.192383,65,
3,0.0,176236.1875,-94604.398438,4498.506348,151,
3,0.0,103245.632813,-32128.515625,1337.038574,28,
3,0.0,111348.515625,-17780.8125,2315.345703,61,
3,0.0,157474.046875,-63475.667969,482.194336,355,
3,0.0,184400.59375,-96222.515625,4090.731934,279,
3,0.0,119448.320313,-79647.59375,2282.319336,130,
3,0.0,188532.03125,-84846.484375,3389.322754,111,
3,0.0,154973.03125,-80536.640625,614.475586,261,
3,0.0,119303.734375,-86163.125,2306.14502,204,
3,0.0,192869.5625,-93050.890625,5434.46582,323,
3,0.0,101913.609375,-58688.996094,2714.82373,49,
3,0.0,149217.34375,-63761.761719,1214.813477,144,
3,0.0,185907.96875,-75073.1875,1363.628906,32,
3,0.0,123936.59375,-97846.78125,2189.157715,198,
4,0.0,146190.296875,-87578.210938,918.08252,8,
4,0.0,116024.4375,-8625.851563,1710.750977,41,
4,0.0,146288.75,-60651.65625,1285.605957,93,
4,1.0,185295.78125,-82628.5,2908.649414,358,
4,0.0,185794.15625,-100575.429688,4730.447754,344,
4,1.0,103731.679688,-97333.046875,4539.364746,348,
4,0.0,181662.71875,-93475.414063,3914.510254,208,
4,1.0,143335.53125,-58953.558594,1208.145508,22,
4,0.0,163528.140625,-90679.085938,3732.980469,53,
4,0.0,104980.648438,-18519.117188,1067.125977,86,
4,1.0,142304.984375,-54013.074219,658.956055,301,
4,0.0,114680.109375,-65204.527344,838.173828,72,
4,0.0,165736.890625,-96041.015625,4558.150879,22,
4,0.0,137530.609375,-89122.492188,754.603516,213,
4,0.0,125410.125,-19771.15625,1045.791992,175,
4,0.0,134106.71875,-5226.578125,2671.395996,148,
4,0.0,107281.695313,-58873.574219,1038.146484,188,
4,0.0,175291.78125,-68206.96875,1248.342773,250,
4,0.0,103227.171875,-55148.214844,981.686523,71,
4,0.0,121232.554688,-77777.226563,1830.534668,34,
4,0.0,192823.40625,-86276.953125,4237.186035,189,
4,1.0,143117.109375,-59224.269531,1232.876953,297,
4,1.0,174061.265625,-81167.273438,3431.126465,7,
4,1.0,103331.765625,-71932.320313,6619.760254,57,
4,0.0,164078.78125,-91909.59375,3914.105957,71,
4,0.0,141714.34375,-68886.820313,1345.562012,5,
4,0.0,190020.9375,-100513.90625,6244.833984,335,
4,1.0,149011.234375,-63377.226563,1225.707031,7,
4,0.0,193549.40625,-82717.710938,3188.132813,180,
4,1.0,114760.09375,-84489.640625,2192.580566,16,
4,0.0,119891.304688,-10130.140625,7043.606934,218,
4,1.0,113723.390625,-30387.351563,1561.775391,345,
4,1.0,185028.15625,-67696.304688,500.317383,146,
4,1.0,127434.3125,-15852.0,2153.465332,258,
4,0.0,156258.921875,-70157.320313,706.838379,126,
4,0.0,135715.625,-67133.34375,986.151855,13,
4,1.0,143575.46875,-58550.566406,1168.60498,185,
4,1.0,178940.21875,-97256.140625,4495.698242,345,
4,1.0,172187.828125,-86320.015625,4289.550781,153,
4,1.0,122383.078125,-76463.664063,1565.172363,75,
4,1.0,161839.265625,-85797.054688,2703.473145,26,
4,1.0,132141.0,-100498.523438,2228.919434,301,
4,0.0,108641.398438,-93896.859375,4515.744141,83,
4,0.0,134155.953125,-501.4375,4264.944336,306,
4,1.0,134678.90625,-62103.652344,856.804688,119,
4,1.0,159658.1875,-62365.136719,643.425781,319,
4,1.0,101559.835938,-65632.125,5174.791016,53,
4,1.0,112240.632813,-95139.671875,4238.916016,17,
4,1.0,175759.375,-75165.476563,1837.989258,50,
4,0.0,190703.875,-89110.1875,4477.382813,271,
4,1.0,151204.609375,-82723.859375,502.344238,222,
4,1.0,145842.6875,-93060.117188,2182.270996,349,
4,1.0,151576.84375,-67388.679688,949.866211,324,
4,0.0,185932.578125,-74073.40625,1198.826172,230,
4,0.0,109105.921875,-64047.855469,1656.481445,122,
4,0.0,128347.960938,-82084.0,847.039551,105,
4,1.0,138970.3125,-57803.03125,950.090332,54,
4,0.0,137625.96875,-63420.292969,1199.780273,4,
4,1.0,187464.5625,-77386.539063,1664.656738,245,
4,1.0,189876.34375,-90525.273438,4518.823242,44,
5,2.0,131396.53125,-132.28125,6971.669922,304,
5,1.0,123819.695313,-11665.195313,6455.980469,59,
5,1.0,190260.875,-80238.242188,2224.88916,232,
5,0.0,166493.65625,-66431.960938,1297.295898,164,
5,2.0,169191.53125,-99889.421875,5567.910156,179,
5,1.0,156425.03125,-69366.71875,693.227051,45,
5,1.0,192811.109375,-99335.695313,7332.479492,183,
5,2.0,107927.710938,-17347.0625,791.382324,118,
5,2.0,180838.28125,-72104.59375,1519.476563,298,
5,0.0,135217.265625,-59599.570313,789.933594,39,
5,2.0,132276.34375,-91844.992188,1163.967285,52,
5,0.0,104663.789063,-27061.90625,5680.579102,321,
5,2.0,148217.5625,-63134.199219,1287.908203,23,
5,0.0,160273.4375,-91457.382813,3562.672852,314,
5,1.0,153942.5,-72769.0625,621.421387,109,
5,2.0,161513.1875,-87528.992188,2994.535156,276,
5,1.0,118516.21875,-90685.234375,2628.468262,312,
5,0.0,169314.59375,-96819.3125,4776.908203,190,
5,1.0,124059.648438,-85913.953125,2192.666016,137,
5,0.0,120392.734375,-20032.640625,3888.507324,110,
6,1.0,168810.078125,-63383.378906,947.053711,86,
6,0.0,147085.5,-99286.476563,3865.761719,241,
6,2.0,102205.851563,-88494.9375,5588.541016,114,
6,2.0,195189.0625,-75663.828125,1121.500977,68,
6,0.0,118537.75,-14276.953125,6194.5625,252,
6,0.0,107890.789063,-19515.828125,2365.544434,246,
6,1.0,110856.3125,-94269.085938,4264.467285,143,
6,0.0,108213.796875,-73741.164063,5113.914063,118,
6,1.0,181727.3125,-65352.191406,546.455078,86,
6,0.0,106607.992188,-83889.765625,6701.213867,351,
6,0.0,113268.109375,-91432.773438,2946.152832,206,
6,0.0,111170.09375,-32377.695313,813.564453,235,
6,0.0,155917.453125,-98400.515625,4953.671875,314,
6,2.0,120620.382813,-27354.15625,527.910645,242,
6,1.0,153868.65625,-98391.28125,4718.384766,348,
6,0.0,123321.34375,-575.265625,5826.060547,128,
6,2.0,198400.6875,-89485.492188,6077.154297,162,
6,0.0,101962.828125,-70394.1875,6005.207031,24,
6,1.0,130888.953125,-5272.71875,6483.350586,109,
6,2.0,110850.15625,-30076.648438,3182.993652,267,
6,1.0,126754.453125,-90159.195313,1974.163574,16,
6,1.0,195349.03125,-71953.859375,493.438965,201,
6,1.0,201495.40625,-75783.804688,1389.319824,221,
6,0.0,164918.609375,-63494.125,1339.417969,246,
6,0.0,144913.65625,-92838.625,2002.280762,145,
6,0.0,134066.734375,-86778.382813,522.087891,129,
7,1.0,154862.296875,-98274.382813,4807.406738,118,
7,1.0,162752.921875,-99812.515625,5622.087891,87,
7,1.0,163322.03125,-97951.375,5002.455078,229,
7,1.0,119768.25,-10536.210938,7016.460938,70,
7,2.0,177469.765625,-86664.5625,4072.771484,163,
7,1.0,119226.828125,-8908.867188,6580.294434,89,
7,1.0,122229.265625,-88627.21875,2360.393066,347,
7,1.0,197936.15625,-77866.4375,1839.154297,229,
7,2.0,175685.53125,-80395.125,3208.26416,243,
7,1.0,173341.421875,-65333.734375,970.213379,331,
7,0.0,173258.375,-64109.378906,762.962891,292,
7,1.0,178878.703125,-98025.210938,4626.802734,56,
7,1.0,185055.84375,-80745.828125,2564.207031,67,
7,1.0,175888.5625,-97056.1875,4843.887207,262,
7,2.0,182988.59375,-79226.148438,2460.641113,52,
7,2.0,136044.78125,-98311.304688,2115.335449,343,
7,1.0,150669.34375,-95028.921875,3394.583008,207,
7,0.0,162651.40625,-76645.15625,839.12793,66,
7,2.0,184791.28125,-77484.984375,1925.96582,116,
7,0.0,198975.9375,-78124.84375,1975.070313,319,
7,1.0,119149.921875,-15193.671875,6474.492676,122,
7,2.0,142701.8125,-98729.671875,3063.535156,135,
7,2.0,156108.1875,-97329.96875,4663.038086,10,
7,2.0,149441.90625,-60005.640625,1024.138184,137,
7,0.0,154650.03125,-97511.46875,4564.005859,221,
7,1.0,109262.804688,-84784.960938,3190.503906,100,
7,1.0,182231.84375,-86366.164063,3605.634277,233,
7,0.0,120826.492188,-83462.164063,2183.152344,353,
7,2.0,185877.203125,-88205.765625,3761.706543,202,
8,0.0,136927.65625,-91405.085938,1036.416504,314,
8,0.0,136155.53125,-63174.195313,1047.047852,257,
8,0.0,195278.28125,-80096.734375,2389.781738,321,
8,0.0,125317.835938,-90660.625,2015.025391,118,
8,0.0,110954.75,-21210.851563,4523.779297,207,
8,0.0,118673.101563,-16390.34375,5765.693359,47,
8,0.0,176599.1875,-74076.484375,1645.997559,336,
8,0.0,138431.953125,-58830.507813,1007.206543,212,
8,0.0,137773.640625,-61008.503906,1113.04248,212,
8,0.0,174861.09375,-98594.320313,5196.741211,41,
8,0.0,164389.484375,-84969.539063,3094.984863,8,
8,0.0,177946.59375,-71298.609375,1485.722656,309,
8,0.0,193066.4375,-99834.054688,7693.540527,146,
8,0.0,158855.28125,-80767.359375,1106.641602,191,
8,0.0,104519.203125,-80828.882813,7993.912598,17,
8,0.0,156434.265625,-68216.195313,656.946289,116,
8,0.0,188584.3125,-86492.289063,3720.991699,121,
8,0.0,161122.5,-98025.210938,5020.083008,223,
8,0.0,176205.4375,-84843.40625,4031.236328,157,
8,0.0,169216.15625,-75134.71875,1351.739746,17,
8,0.0,103491.734375,-83363.726563,7641.99707,164,
8,0.0,155923.609375,-79063.109375,509.661621,80,
8,0.0,180721.375,-87470.539063,3757.927246,333,
8,0.0,171360.3125,-72003.078125,1021.768555,352,
8,0.0,115892.15625,-91512.75,2677.614746,323,
8,0.0,176989.875,-90623.710938,4184.308105,287,
8,0.0,163238.96875,-60537.832031,728.995117,243,
8,0.0,127680.40625,-98649.6875,1962.169922,257,
8,0.0,200261.8125,-82468.53125,3780.081543,188,
8,0.0,129520.015625,-95865.671875,1703.355957,15,
8,0.0,122681.476563,-13514.039063,7403.569824,294,
8,0.0,129710.75,-98305.148438,1870.598145,304,
8,0.0,172400.09375,-79336.890625,2895.033691,287,
8,0.0,168493.21875,-91961.890625,4316.25293,70,
8,0.0,169139.25,-91438.921875,4355.820801,171,
8,0.0,170385.125,-94915.101563,4596.726563,195,
8,0.0,177442.09375,-64103.226563,616.481445,198,
8,0.0,116375.132813,-89082.5,2735.638672,222,
8,0.0,124481.09375,-2002.648438,6976.725098,9,
8,0.0,110557.914063,-88987.140625,3080.507324,242,
8,0.0,183886.859375,-91641.953125,3897.405762,137,
8,0.0,158916.8125,-64958.429688,652.457031,200,
8,0.0,107441.65625,-97960.609375,4759.77832,307,
8,0.0,113683.398438,-66395.046875,1264.083008,155,
8,0.0,148746.6875,-94007.601563,2850.10791,157,
8,0.0,194736.84375,-96576.289063,7241.662109,59,
8,0.0,131941.03125,-13917.03125,783.745117,160,
8,0.0,155086.859375,-65881.304688,646.934082,217,
8,0.0,112049.90625,-84332.75,2571.33252,196,
8,0.0,189685.625,-79632.21875,2059.888184,228,
8,0.0,151786.03125,-58313.691406,696.743164,1,
8,0.0,153905.578125,-90928.265625,2842.584473,348,
8,0.0,184880.5,-89894.640625,3853.799316,119,
8,0.0,190919.203125,-88233.453125,4365.421875,131,
8,0.0,101218.375,-30325.828125,2071.41748,250,
8,0.0,165983.0,-83695.960938,3164.634277,94,
8,0.0,110161.078125,-71286.304688,4090.536133,212,
8,0.0,169769.875,-72639.859375,930.637207,300,
8,0.0,171569.5,-69649.734375,1039.890625,320,
8,0.0,144159.96875,-95733.390625,2594.843262,141,
8,0.0,120005.125,-11329.890625,6946.210449,338,
8,0.0,171357.21875,-82825.375,3718.740723,276,
8,0.0,105475.921875,-60513.222656,2483.345703,48,
8,0.0,122601.5,-15473.617188,6592.615234,56,
8,0.0,110739.414063,-82726.9375,3003.26123,132,
8,0.0,149401.921875,-75657.679688,506.753906,128,
8,0.0,105242.125,-79890.625,7526.132324,177,
8,0.0,193555.5625,-79466.09375,2073.245605,274,
8,0.0,143963.078125,-52361.121094,481.194824,162,
8,0.0,149423.453125,-86326.171875,984.13916,255,
8,0.0,200646.359375,-73630.421875,913.708008,62,
8,0.0,148248.328125,-97342.28125,3604.096191,193,
8,0.0,173784.40625,-71218.632813,1184.381836,28,
8,0.0,171034.21875,-91082.078125,4468.342285,134,
8,0.0,105180.601563,-100058.617188,4354.968262,106,
8,0.0,108333.773438,-60753.171875,1119.936035,312,
8,0.0,179438.578125,-90516.046875,3927.723633,358,
8,0.0,108718.304688,-82450.078125,4281.433105,267,
8,0.0,100963.039063,-85535.570313,7000.873047,92,
8,0.0,126769.835938,-87722.796875,1972.324707,53,
8,0.0,145636.5625,-53176.328125,549.766113,35,
9,0.0,131919.5,-12046.65625,1447.365723,71,
9,0.0,141692.796875,-53905.40625,637.970703,26,
9,0.0,192515.78125,-77943.34375,1590.541504,324,
9,0.0,178023.5,-74660.96875,1778.429688,335,
9,0.0,150853.921875,-85717.070313,1033.026855,172,
9,0.0,126271.484375,-8748.898438,6856.344727,67,
9,0.0,134285.15625,-98597.390625,2019.299316,107,
9,0.0,119845.164063,-3839.179688,5800.757813,110,
9,0.0,157901.640625,-84160.476563,1648.835938,159,
9,0.0,163512.75,-82726.9375,2426.775879,349,
9,0.0,131248.875,-9807.132813,3039.629883,356,
9,0.0,140668.40625,-69668.1875,1245.534668,152,
9,0.0,178644.90625,-87175.21875,3971.079834,340,
9,0.0,160356.5,-74950.140625,502.672852,245,
9,0.0,170809.65625,-71397.046875,952.307617,124,
9,0.0,158606.109375,-79749.109375,890.373047,58,
9,0.0,138831.875,-65795.171875,1317.408203,109,
9,0.0,120875.710938,-76808.203125,1778.978027,76,
9,0.0,141957.359375,-77604.953125,472.523438,21,
9,0.0,190414.6875,-76322.15625,1232.880859,213,
9,0.0,153884.046875,-65367.570313,736.470703,64,
10,0.0,158790.6875,-62279.0,534.567871,127,
10,0.0,194684.5625,-74599.445313,887.573242,35,
10,0.0,134728.140625,-12914.164063,500.587402,204,
10,0.0,154994.5625,-86104.679688,1733.222656,277,
10,0.0,119106.859375,-8838.109375,6437.496094,136,
10,0.0,168444.0,-85467.890625,3889.428223,142,
10,0.0,117153.429688,-82040.929688,2266.540527,128,
10,0.0,120042.046875,-18845.203125,4590.305176,224,
10,0.0,146073.40625,-96296.34375,3000.456055,294,
10,0.0,176377.6875,-89202.476563,4231.096191,113,
10,0.0,106229.609375,-19878.828125,2359.631348,202,
10,0.0,139871.65625,-71501.640625,1044.886719,299,
10,0.0,188181.328125,-96748.554688,4537.963379,351,
10,0.0,139434.8125,-63934.03125,1363.013184,0,
10,0.0,131639.5625,-68776.078125,490.79541,122,
10,0.0,108386.070313,-29839.78125,4165.522949,63,
10,0.0,195484.375,-76380.601563,1297.581543,13,
10,0.0,176599.1875,-92543.304688,4304.240723,124,
10,0.0,114827.773438,-68637.640625,1732.914063,271,
10,0.0,161217.859375,-60464.003906,559.979492,218,
10,0.0,168459.390625,-77580.34375,1957.193359,241,
10,0.0,115633.75,-14163.125,4857.342773,24,
10,0.0,175337.921875,-97514.546875,4967.931641,117,
10,0.0,147082.421875,-58867.421875,1098.419922,260,
10,0.0,156394.28125,-69782.015625,700.148926,224,
10,0.0,105666.65625,-92469.46875,4607.405273,81,
10,0.0,113191.203125,-72842.898438,3379.618652,122,
10,0.0,115993.679688,-26954.242188,2154.429199,22,
10,0.0,170043.65625,-83652.890625,3771.408691,8,
10,0.0,122133.90625,-5205.039063,7832.259766,278,
10,0.0,105543.601563,-89885.40625,4580.835449,225,
10,0.0,140040.84375,-91503.523438,1246.02832,267,
10,0.0,139493.265625,-71963.085938,980.579102,327,
10,0.0,122549.203125,-18306.859375,3840.832031,212,
10,0.0,129440.03125,-1651.953125,7765.817871,333,
10,0.0,175713.21875,-71400.125,1340.202148,360,
10,0.0,117424.140625,-78700.109375,2465.504395,122,
10,0.0,179297.078125,-92641.742188,3995.308105,166,
10,0.0,190571.59375,-90106.898438,4597.143066,185,
10,0.0,123096.773438,-3709.976563,7605.005371,256,
10,0.0,194097.0,-75522.328125,1050.132324,227,
10,0.0,119036.101563,-87292.117188,2463.405762,62,
10,0.0,125939.242188,-15498.226563,3769.837402,26,
10,0.0,154290.109375,-70935.609375,743.974609,214,
10,0.0,119715.953125,-8899.632813,6931.795898,324,
10,0.0,132368.640625,-87079.851563,753.905273,309,
10,0.0,112880.5,-31562.484375,958.117676,62,
10,0.0,153997.859375,-61451.484375,642.667969,126,
10,0.0,156991.0625,-93573.851563,3775.55127,122,
10,0.0,172550.8125,-74824.015625,1593.254395,19,
10,0.0,159685.875,-88821.023438,2996.990723,165,
10,0.0,149078.90625,-60233.285156,1069.951172,12,
10,0.0,125234.78125,-13394.0625,6087.583984,40,
10,0.0,157144.875,-70661.828125,657.54248,114,
10,0.0,171507.96875,-90762.140625,4473.665527,242,
10,0.0,118460.84375,-68699.171875,955.92041,340,
10,0.0,104270.03125,-58221.40625,2007.191895,100,
10,0.0,116362.828125,-99258.789063,3449.246094,199,
10,0.0,109838.070313,-28175.515625,5235.610352,100,
10,0.0,177577.4375,-87049.09375,4078.537354,311,
10,0.0,126003.84375,-96496.304688,2056.781738,344,
10,0.0,160048.875,-66948.765625,710.345215,355,
10,0.0,169871.40625,-79918.3125,2839.432129,42,
10,0.0,154653.109375,-82157.828125,825.082031,341,
10,0.0,167742.625,-81862.507813,3060.443359,155,
10,0.0,132260.96875,-87039.859375,768.175293,306,
10,0.0,110868.617188,-20995.515625,4481.37207,283,
10,0.0,124788.71875,-17107.117188,3456.425293,294,
10,0.0,135807.90625,-87245.976563,555.894531,48,
10,0.0,185714.15625,-96905.445313,4187.85498,244,
10,0.0,178777.1875,-99314.164063,4863.318848,278,
10,0.0,144138.4375,-54665.242188,738.339844,110,
10,0.0,139176.40625,-67727.0625,1280.85791,308,
10,0.0,178694.125,-80296.6875,3029.724121,119,
10,0.0,106534.15625,-21863.023438,4578.798828,272,
10,0.0,116999.617188,-76728.21875,2359.589355,146,
10,0.0,168594.75,-86566.117188,4046.43042,83,
10,0.0,111133.179688,-93906.085938,4153.922363,98,
10,0.0,152899.640625,-93982.992188,3454.160645,6,
10,0.0,134432.8125,-60113.308594,741.55957,281,
10,0.0,143437.046875,-88814.867188,959.80957,348,
10,0.0,177168.296875,-83194.53125,3720.789551,202,
10,0.0,116442.8125,-65647.515625,657.755859,11,
10,0.0,125720.828125,-82720.789063,1239.40918,22,
10,0.0,115926.0,-95441.148438,3234.634277,157,
10,0.0,155997.4375,-68326.9375,688.986816,254,
10,0.0,133165.390625,-9816.367188,1378.102539,297,
10,0.0,120678.828125,-11914.382813,7087.679199,296,
10,0.0,162405.296875,-86470.75,2950.20752,47,
10,0.0,142394.1875,-97569.921875,2779.719238,130,
10,0.0,185428.0625,-100317.023438,4628.294434,44,
10,0.0,179078.65625,-74368.726563,1745.904785,267,
10,0.0,159867.375,-65721.34375,755.410156,217,
10,0.0,114827.773438,-27348.0,2685.692871,145,
10,0.0,109447.382813,-82305.492188,3697.916504,135,
10,0.0,179721.59375,-85135.65625,3735.040527,125,
10,0.0,109736.554688,-70680.28125,4085.010498,199,
10,0.0,107610.851563,-25234.609375,5583.297852,196,
10,0.0,103051.828125,-84904.9375,7161.989258,70,
10,0.0,118088.609375,-78207.90625,2408.533203,328,
10,0.0,123133.6875,-83708.265625,2038.570313,297,
10,0.0,164260.28125,-91872.679688,3925.345459,145,
10,0.0,189661.0,-75039.351563,1005.199219,33,
10,0.0,192460.40625,-78921.601563,1870.557129,232,
10,0.0,169419.1875,-87381.328125,4203.529297,198,
10,0.0,103199.484375,-61460.710938,3165.178711,229,
10,0.0,179500.109375,-68720.703125,1329.601563,185,
10,0.0,193583.25,-90857.507813,5324.104492,61,
10,0.0,166619.78125,-68991.414063,823.54248,125,
10,0.0,171055.75,-96668.578125,4840.217285,2,
10,0.0,115578.382813,-30947.234375,686.166992,120,
10,0.0,181819.625,-74845.546875,1716.896484,112,
10,0.0,192266.609375,-81514.890625,2681.246582,27,
10,0.0,101224.523438,-55077.464844,1480.139648,301,
10,0.0,195324.40625,-71861.570313,480.923828,91,
10,0.0,115516.859375,-1408.929688,748.114746,350,
10,0.0,102676.523438,-88968.679688,5320.802734,164,
10,0.0,165204.703125,-77223.5,1349.990234,165,
10,0.0,168465.546875,-90731.382813,4262.280762,79,
11,0.0,130310.617188,-8647.382813,5175.101563,76,
11,0.0,110554.835938,-24542.453125,6036.220703,144,
11,0.0,160482.625,-81382.609375,1491.04248,30,
11,0.0,116316.6875,-86452.296875,2519.995605,314,
11,0.0,128101.859375,-18316.085938,589.446777,211,
11,0.0,127406.625,-81342.617188,869.189941,0,
11,0.0,106371.117188,-68597.648438,4291.532715,2,
11,0.0,143698.53125,-91977.273438,1658.179688,245,
11,0.0,108361.460938,-81194.960938,4914.734375,332,
11,0.0,105014.484375,-90786.757813,4544.458984,288,
11,0.0,137216.84375,-66022.8125,1167.600586,354,
11,0.0,140296.171875,-53068.660156,513.772461,53,
11,0.0,111413.117188,-17617.773438,2255.870117,302,
11,0.0,121521.726563,-21475.414063,2428.918457,51,
11,0.0,114052.554688,-30196.625,1581.699219,227,
11,0.0,141034.484375,-70609.53125,1180.783203,342,
11,0.0,106112.710938,-89971.546875,4496.541992,116,
11,0.0,172935.34375,-96908.523438,4946.244141,115,
11,0.0,167062.765625,-60396.328125,509.766602,42,
11,0.0,183013.203125,-92543.304688,3887.518066,31,
11,0.0,166582.875,-98978.851563,5306.510742,176,
11,0.0,194090.84375,-85809.359375,4297.394531,296,
11,0.0,155815.9375,-90648.320313,3024.686035,185,
11,0.0,147368.515625,-97311.515625,3447.779785,47,
11,0.0,157412.515625,-82391.625,1227.425781,306,
11,0.0,191374.5,-82813.078125,3039.150391,302,
11,0.0,178746.421875,-80222.859375,3010.59375,141,
11,0.0,121761.671875,-70566.460938,663.55127,329,
11,0.0,120340.4375,-78112.539063,2061.374512,302,
11,0.0,110028.796875,-15436.695313,636.675781,256,
11,0.0,162288.40625,-82985.34375,2217.570801,100,
11,0.0,120321.984375,-89494.726563,2578.065918,155,
11,0.0,170517.40625,-87147.53125,4274.039551,222,
11,0.0,148494.421875,-64038.625,1284.520996,330,
11,0.0,183225.46875,-79656.828125,2530.944336,229,
11,0.0,151450.71875,-73928.820313,558.291992,186,
11,0.0,175380.984375,-100221.664063,5487.55957,40,
11,0.0,120137.40625,-73009.015625,1345.448242,314,
11,0.0,124416.492188,-9557.960938,6620.272949,250,
11,0.0,114698.570313,-66619.609375,1094.420898,59,
11,0.0,171025.0,-97643.75,4995.571289,47,
11,0.0,128754.03125,-10323.945313,5534.313477,321,
11,0.0,143581.625,-89553.171875,1115.748047,359,
11,0.0,107952.320313,-75457.726563,5470.078125,29,
11,0.0,104273.101563,-56692.5,1361.06543,205,
11,0.0,181367.40625,-89731.59375,3794.061035,123,
11,0.0,106368.039063,-82320.875,7088.121582,271,
11,0.0,149915.65625,-59307.324219,934.320801,163,
11,0.0,144495.28125,-64607.730469,1520.448242,120,
11,0.0,198440.671875,-86037.0,5057.158203,317,
11,0.0,199415.84375,-76512.882813,1503.40332,3,
11,0.0,143735.4375,-59027.386719,1214.533203,286,
11,0.0,100932.28125,-66598.078125,5674.763184,72,
11,0.0,126489.890625,-79912.15625,920.323242,305,
11,0.0,157209.484375,-91448.15625,3351.192871,204,
11,0.0,125773.125,-19955.734375,857.760742,228,
11,0.0,167788.75,-100320.101563,5767.107422,203,
11,0.0,110730.1875,-83329.890625,2904.309082,209,
11,0.0,108745.992188,-19158.984375,2175.73291,17,
11,0.0,185904.890625,-92940.140625,4090.912842,360,
11,0.0,143126.34375,-76608.25,576.209961,211,
11,0.0,136586.203125,-59295.019531,896.436523,128,
11,0.0,173572.15625,-79829.09375,3082.069824,117,
11,0.0,105703.570313,-96517.835938,4891.839355,27,
11,0.0,119694.421875,-70028.109375,921.062012,262,
11,0.0,111222.390625,-26308.226563,5710.162109,215,
11,0.0,105645.117188,-33435.929688,816.044434,139,
11,0.0,121494.039063,-77346.546875,1739.448242,263,
11,0.0,166262.9375,-75866.867188,1158.371094,191,
11,0.0,133316.125,-6426.320313,2788.116699,35,
11,0.0,168096.390625,-93398.507813,4360.589844,271,
11,0.0,172080.15625,-70923.304688,1049.862793,276,
11,0.0,106238.835938,-96280.96875,4893.326172,62,
11,0.0,119245.289063,-28630.804688,631.609375,42,
11,0.0,106703.351563,-92284.898438,4527.840332,239,
11,0.0,145415.078125,-68333.09375,1376.306641,179,
11,0.0,116685.835938,-13634.007813,5464.109375,136,
11,0.0,113766.460938,-91641.953125,2899.061035,202,
11,0.0,145433.53125,-68213.117188,1383.156738,344,
12,0.0,184646.703125,-91712.710938,3943.274414,199,
12,0.0,148482.125,-87476.695313,1133.21875,292,
12,0.0,186840.078125,-83732.875,3087.444336,15,
12,0.0,127059.007813,-17547.015625,1195.14502,250,
12,0.0,119968.210938,-79552.234375,2246.970215,323,
12,0.0,187569.15625,-90060.757813,4097.925293,200,
12,0.0,128950.90625,-15307.5,1589.085449,247,
12,0.0,159839.6875,-68613.03125,572.51416,94,
12,0.0,147611.53125,-96121.0,3202.14502,290,
12,0.0,140619.1875,-71310.914063,1098.237793,247,
12,0.0,173203.0,-69000.640625,1155.619141,115,
12,0.0,112129.890625,-89430.125,2964.89209,87,
12,0.0,183760.734375,-87061.398438,3607.443848,40,
12,0.0,166785.90625,-87405.9375,3880.385254,257,
12,0.0,100975.34375,-29033.796875,3158.343262,88,
12,0.0,132504.0,-11763.640625,1249.14209,338,
12,0.0,200794.015625,-83686.734375,4303.169922,225,
12,0.0,153945.5625,-81914.804688,697.606445,129,
12,0.0,111776.117188,-15805.851563,1406.740723,182,
12,0.0,125367.0625,-96773.171875,2096.87207,214,
12,0.0,101556.757813,-86181.585938,6849.794434,83,
12,0.0,122561.5,-20875.539063,2211.98877,239,
12,0.0,165958.390625,-94102.96875,4291.411133,87,
12,0.0,143320.140625,-73461.226563,928.996582,136,
12,0.0,191691.34375,-80238.242188,2253.833496,124,
12,0.0,132002.5625,-15584.359375,480.270996,333,
12,0.0,115489.171875,-64121.683594,501.700195,86,
12,0.0,110502.539063,-28003.242188,5192.067383,126,
12,0.0,197803.890625,-89331.679688,5940.115234,240,
12,0.0,152579.703125,-98471.265625,4560.412598,22,
12,0.0,131848.75,-69203.671875,496.994141,51,
12,0.0,135158.8125,-7595.304688,1269.029785,291,
12,0.0,121989.320313,-91688.101563,2434.597656,278,
12,0.0,152819.65625,-72630.632813,648.425293,268,
12,0.0,107721.59375,-68148.515625,3920.521973,278,
12,0.0,114916.984375,-95105.828125,3384.877441,356,
12,0.0,105949.671875,-81074.984375,7268.355469,154,
12,0.0,195961.203125,-76303.695313,1303.674805,51,
12,0.0,164933.984375,-60217.902344,651.62793,232,
12,0.0,121509.421875,-85154.109375,2363.69873,3,
12,0.0,115867.546875,-83249.90625,2183.197754,258,
12,0.0,124290.367188,-3663.835938,7728.355957,75,
12,0.0,122783.0,-1212.046875,5878.283203,123,
12,0.0,120432.726563,-19042.085938,4339.59668,222,
12,0.0,158067.765625,-85206.40625,1913.464844,231,
12,0.0,117525.65625,-97982.140625,3009.52002,211,
12,0.0,107758.515625,-64813.84375,2097.368652,73,
12,0.0,167299.640625,-67167.1875,1172.84375,338,
12,0.0,114215.59375,-22075.28125,4258.865723,66,
12,0.0,171009.625,-91688.101563,4482.825684,289,
12,0.0,120940.3125,-1741.164063,5386.641602,248,
12,0.0,116808.890625,-21721.507813,4257.794434,355,
12,0.0,130113.734375,-15424.390625,955.361328,23,
12,0.0,117497.96875,-3916.085938,2091.969727,200,
12,0.0,167558.03125,-64564.664063,1270.134766,247,
12,0.0,184631.3125,-81287.25,2709.04541,294,
12,0.0,102814.953125,-71412.429688,6289.636719,295,
12,0.0,117968.640625,-27200.34375,1450.506348,256,
12,0.0,125607.007813,-10837.6875,6330.03418,167,
12,0.0,168751.625,-86233.882813,4028.439941,256,
12,0.0,164721.71875,-85997.007813,3340.178223,179,
12,0.0,176506.90625,-88694.890625,4212.188965,157,
12,0.0,107060.203125,-22745.914063,4888.021973,341,
12,0.0,158618.421875,-70323.4375,553.275391,114,
12,0.0,132805.46875,-3651.53125,4808.85498,306,
12,0.0,105423.625,-27089.601563,5764.095703,45,
12,0.0,105248.28125,-28972.273438,4677.253906,154,
12,0.0,122743.0,-73089.0,916.420898,332,
12,0.0,112332.921875,-79118.484375,2844.782227,211,
12,0.0,103550.179688,-17811.578125,864.807129,91,
12,0.0,179881.5625,-81397.992188,3175.432129,274,
12,0.0,143889.25,-97185.390625,2890.856934,26,
12,0.0,111465.414063,-17805.421875,2436.099609,200,
12,0.0,159821.234375,-100249.351563,5700.835938,317,
12,0.0,112419.054688,-79869.085938,2706.785645,195,
12,0.0,144885.96875,-62866.566406,1468.477539,229,
12,0.0,130698.226563,-12249.6875,2694.75,187,
12,0.0,130858.1875,-97093.101563,1719.59375,67,
12,0.0,141283.65625,-63423.371094,1460.478516,310,
12,0.0,119149.921875,-77371.15625,2161.001953,201,
13,1.0,177217.515625,-82806.921875,3647.549316,85,
13,1.0,149740.3125,-93536.9375,2877.842285,263,
13,0.0,102528.859375,-100618.5,3271.23877,310,
13,2.0,111250.078125,-13160.265625,475.233398,325,
13,0.0,105854.304688,-93813.796875,4785.124023,104,
13,1.0,173741.34375,-86292.328125,4292.292969,255,
13,1.0,137496.78125,-91198.976563,1031.344727,302,
13,0.0,132863.921875,-6300.195313,3365.520996,44,
13,2.0,151872.15625,-59848.75,789.277344,157,
13,1.0,171726.375,-81530.273438,3446.979004,268,
13,0.0,160919.46875,-98019.054688,5017.750977,236,
13,0.0,107826.1875,-65084.554688,2179.466797,344,
13,2.0,108007.6875,-33122.148438,724.686523,213,
13,2.0,199649.65625,-70981.757813,539.023926,167,
13,2.0,129224.695313,-84588.078125,1072.831055,228,
13,1.0,132165.609375,-65850.546875,613.614258,128,
13,2.0,186723.1875,-88857.9375,3883.84668,300,
13,1.0,138585.78125,-62205.171875,1242.804688,305,
13,1.0,145775.0,-68837.59375,1328.797852,147,
13,2.0,110573.296875,-91888.0625,3745.766113,32,
13,2.0,162374.53125,-76405.210938,767.710449,357,
13,0.0,131344.25,-83212.984375,573.708008,142,
13,0.0,102411.960938,-83357.578125,7831.076172,214,
13,2.0,150407.859375,-92094.171875,2607.130371,4,
13,1.0,161460.875,-93423.117188,3959.942139,32,
14,1.0,157144.875,-80896.5625,922.626953,3,
14,1.0,155502.15625,-64180.132813,542.205566,262,
14,1.0,103153.34375,-63715.617188,3832.157227,204,
14,0.0,104799.148438,-100255.5,4204.897949,148,
14,0.0,108712.15625,-98025.210938,4568.996094,341,
14,1.0,121875.5,-4149.882813,7342.106445,219,
14,1.0,124142.703125,-71760.046875,478.84082,178,
14,0.0,135820.21875,-10271.648438,614.961914,157,
14,1.0,102688.828125,-96404.015625,4686.268066,205,
14,1.0,181588.890625,-65853.625,661.067383,238,
14,1.0,145925.75,-100357.015625,3901.272461,93,
14,1.0,136186.28125,-95837.984375,1704.567383,274,
14,0.0,110942.445313,-66096.640625,2107.814453,167,
14,0.0,101550.609375,-16857.9375,607.02002,90,
14,1.0,117857.890625,-15925.828125,5805.170898,158,
14,1.0,119909.765625,-27295.710938,704.693848,108,
14,0.0,201006.28125,-69591.28125,499.793457,193,
14,1.0,142726.421875,-64955.351563,1526.683105,218,
14,1.0,118556.203125,-98458.960938,2908.207031,162,
14,1.0,131039.6875,-64666.183594,492.875977,152,
14,0.0,118122.453125,-93512.328125,2950.710938,343,
14,1.0,193072.59375,-93487.71875,5558.236328,250,
15,0.0,140874.515625,-57310.832031,992.428711,307,
15,0.0,109478.148438,-86763.0,2986.17041,198,
15,0.0,174753.4375,-66145.867188,1072.82666,80,
15,0.0,115046.1875,-74691.734375,2643.865723,284,
15,0.0,102402.734375,-97046.953125,4492.905762,35,
15,0.0,177878.90625,-100609.273438,5269.602539,21,
15,0.0,114781.625,-16304.210938,4942.387695,247,
15,0.0,137352.1875,-73907.28125,663.87793,335,
15,0.0,146110.3125,-59602.652344,1210.32666,34,
15,0.0,185181.96875,-80139.796875,2434.053711,145,
15,0.0,145571.96875,-70791.03125,1175.259766,284,
15,0.0,133534.546875,-71741.59375,532.147461,239,
15,0.0,114430.9375,-71230.9375,2519.150879,233,
15,0.0,159215.21875,-72904.421875,489.875977,61,
15,0.0,147506.9375,-87012.179688,923.205566,174,
15,0.0,175245.625,-65198.375,911.29248,93,
15,0.0,191512.9375,-80582.78125,2354.01416,123,
15,0.0,157557.09375,-77429.609375,503.778809,268,
15,0.0,110253.367188,-80096.734375,3491.021484,76,
15,0.0,107666.226563,-99320.3125,4617.38916,314,
15,0.0,189605.640625,-88285.75,4163.691406,23,
15,0.0,158916.8125,-93432.34375,3852.064941,117,
15,0.0,117787.140625,-15882.765625,5821.178711,37,
15,0.0,161374.75,-89162.484375,3282.083496,199,
15,0.0,124099.640625,-396.835938,6238.511719,21,
15,0.0,183090.109375,-86529.203125,3579.876953,28,
15,0.0,167791.84375,-89762.359375,4130.866699,266,
15,0.0,164718.65625,-66345.828125,1267.481934,129,
16,3.0,120651.140625,-6983.117188,7415.595215,90,
16,2.0,183293.140625,-87212.132813,3626.31543,45,
16,0.0,152447.421875,-98628.15625,4583.882813,180,
16,1.0,157781.671875,-69791.242188,612.907227,283,
16,2.0,113348.085938,-19365.09375,4090.248535,73,
16,2.0,186366.34375,-76534.414063,1592.691895,285,
16,0.0,115882.929688,-72938.265625,2312.384277,354,
16,2.0,123413.625,-100563.125,2653.833984,350,
16,0.0,102113.5625,-72744.453125,7733.867188,126,
16,3.0,133965.21875,-59390.386719,654.666504,274,
16,1.0,188652.0,-98055.96875,4853.993164,48,
16,0.0,105122.15625,-88276.523438,5323.704102,134,
16,2.0,145236.65625,-60362.484375,1305.297852,143,
16,2.0,128800.171875,-87928.90625,1561.751953,64,
16,0.0,115098.484375,-5060.460938,484.70166,9,
16,0.0,108626.023438,-27910.960938,5600.672852,359,
16,0.0,133854.46875,-92694.039063,1157.436523,229,
16,2.0,126597.5625,-93183.164063,1936.532227,60,
16,2.0,167053.53125,-88550.3125,3992.660156,79,
16,2.0,190873.0625,-80201.328125,2223.88623,249,
16,0.0,110742.492188,-77706.46875,3622.050293,128,
16,2.0,144962.875,-66090.492188,1493.21582,197,
16,0.0,189931.71875,-99938.648438,5967.025391,98,
16,0.0,153084.21875,-82210.125,637.104492,14,
16,3.0,115473.789063,-87190.601563,2780.973633,319,
16,1.0,138376.59375,-67499.421875,1228.868164,4,
16,3.0,165613.84375,-91540.4375,4017.687988,62,
17,0.0,141474.390625,-55532.75,816.776367,288,
17,0.0,135355.6875,-59956.417969,825.149414,246,
17,0.0,175276.390625,-90353.0,4348.828125,281,
17,0.0,146411.796875,-90048.453125,1507.373047,140,
17,0.0,190479.3125,-97988.296875,5573.902344,152,
17,0.0,117953.257813,-356.851563,2953.308594,322,
17,0.0,197760.8125,-88621.0625,5754.852539,130,
17,0.0,170849.65625,-64410.851563,878.388672,173,
17,0.0,102698.054688,-32236.1875,1217.32373,234,
17,0.0,168979.28125,-99541.804688,5455.044922,275,
17,0.0,138238.15625,-72781.375,827.640137,263,
17,0.0,179078.65625,-82062.46875,3362.819336,84,
17,0.0,190387.0,-75442.34375,1049.00293,321,
17,0.0,106386.5,-20758.640625,3620.368164,16,
17,0.0,118104.0,-83575.984375,2089.679199,302,
17,0.0,122100.0625,-78051.015625,1682.087891,32,
17,0.0,104983.71875,-22579.789063,4764.603027,348,
17,0.0,134438.96875,-21.53125,3947.374512,320,
17,0.0,113015.851563,-87556.671875,2964.030273,92,
17,0.0,103854.734375,-61100.792969,2921.514648,29,
17,0.0,154877.671875,-69372.867188,762.787598,42,
17,0.0,126711.390625,-12225.078125,5811.775391,47,
17,0.0,155216.0625,-100077.078125,5373.30957,112,
17,0.0,170572.78125,-81102.671875,3243.734375,231,
18,0.0,152216.703125,-84135.867188,871.928711,76,
18,0.0,137462.9375,-60627.046875,1063.242676,48,
18,0.0,141209.828125,-91377.398438,1315.647461,240,
18,0.0,176205.4375,-98754.28125,5115.790039,321,
18,0.0,171926.34375,-70572.609375,1039.993164,191,
18,0.0,103879.34375,-29965.90625,3336.743652,244,
18,0.0,170372.8125,-80813.5,3146.695801,194,
18,0.0,134377.4375,-9539.5,1030.27002,228,
18,0.0,115830.632813,-20509.460938,4496.769043,25,
18,0.0,175030.28125,-98172.867188,5106.303711,229,
18,0.0,104648.40625,-86200.039063,6750.751953,301,
18,0.0,174568.84375,-69708.179688,1231.039551,142,
18,0.0,181604.28125,-68711.46875,1141.121582,52,
18,0.0,127828.070313,-99769.453125,2072.876465,78,
18,0.0,145421.234375,-53527.023438,592.379395,262,
18,0.0,110631.75,-84520.398438,2748.446777,347,
18,0.0,159842.765625,-87572.054688,2736.162598,11,
18,0.0,153096.515625,-85184.875,1227.177734,285,
18,0.0,137222.984375,-99966.328125,2526.772949,105,
18,0.0,155388.34375,-83400.640625,1152.480469,107,
18,0.0,109339.710938,-65515.234375,2217.211426,222,
18,0.0,152788.890625,-62912.710938,820.305664,295,
18,0.0,120269.6875,-83283.742188,2118.29834,299,
18,0.0,144421.453125,-76297.546875,603.979492,71,
18,0.0,166736.6875,-87867.375,3908.380127,267,
19,0.0,110988.59375,-97013.117188,4267.904785,243,
19,0.0,120386.585938,-81087.289063,2111.504883,233,
19,0.0,117562.570313,-27947.875,1356.645508,35,
19,0.0,182779.40625,-95616.492188,4033.464111,21,
19,0.0,105377.484375,-99898.65625,4432.275391,79,
19,0.0,191528.3125,-95444.21875,5393.069336,284,
19,0.0,135001.921875,-92564.835938,1136.755859,110,
19,0.0,181795.0,-70627.984375,1335.032715,340,
19,0.0,188408.96875,-77278.875,1562.328125,145,
19,0.0,140711.46875,-88454.945313,764.984375,87,
19,0.0,137933.59375,-57547.703125,859.381348,163,
19,0.0,173230.6875,-67991.625,1172.560547,227,
19,0.0,157117.1875,-71517.03125,636.482422,20,
19,0.0,115107.710938,-93287.757813,3026.223145,40,
19,0.0,181595.03125,-76654.390625,2020.125488,76,
19,0.0,107804.65625,-66459.640625,2905.694336,90,
19,0.0,160599.53125,-97050.03125,4741.807129,203,
19,0.0,169459.1875,-94662.851563,4521.933105,347,
19,0.0,180401.453125,-89104.039063,3829.660156,133,
19,0.0,147943.78125,-56935.527344,866.523926,116,
19,0.0,118399.3125,-85600.171875,2250.044922,310,
19,0.0,153665.625,-61110.019531,665.773926,44,
19,0.0,121017.21875,-81028.84375,2102.129395,225,
19,0.0,188685.84375,-78087.929688,1721.577148,302,
19,0.0,191528.3125,-99197.265625,6547.750488,290,
19,0.0,127741.9375,-95422.6875,1861.827148,43,
19,0.0,110825.546875,-86236.960938,2626.401367,293,
19,0.0,109453.539063,-80425.890625,4020.519043,140,
19,0.0,171963.25,-88744.117188,4420.080078,135,
20,0.0,196896.390625,-88685.664063,5607.490234,33,
20,0.0,129390.8125,-97074.640625,1763.680176,168,
20,0.0,130935.101563,-14470.757813,1020.491211,335,
20,1.0,186298.65625,-71350.90625,786.243652,343,
20,1.0,116864.257813,-25173.085938,2459.226074,101,
20,1.0,102553.46875,-30608.84375,2212.234863,65,
20,0.0,101369.109375,-95176.585938,4958.561523,341,
20,1.0,122690.703125,-81142.664063,1901.555176,172,
20,0.0,185794.15625,-70151.164063,708.942383,206,
20,1.0,109056.695313,-70600.296875,4278.075195,323,
20,1.0,178749.5,-64460.074219,613.483398,83,
20,0.0,143258.625,-89088.65625,1003.206543,93,
20,0.0,117519.5,-26323.609375,1812.402344,143,
20,1.0,142504.9375,-89842.34375,1105.450684,129,
20,1.0,151250.75,-92318.734375,2797.442383,183,
20,0.0,137429.09375,-100513.90625,2644.534668,241,
20,0.0,120229.695313,-85713.992188,2300.742676,332,
20,0.0,133460.71875,-11662.125,814.84668,20,
20,0.0,142292.671875,-72384.53125,1038.294922,357,
20,1.0,148986.625,-68179.28125,1159.231445,12,
20,0.0,104193.125,-22622.859375,4810.028809,224,
20,0.0,109687.328125,-95216.578125,4400.129395,96,
20,1.0,197948.46875,-93287.757813,7170.931152,285,
20,0.0,109084.382813,-87144.453125,3232.855469,102,
20,1.0,115529.15625,-69305.1875,1781.681641,252,
20,0.0,134223.625,-71873.875,585.989746,122,
21,0.0,185938.71875,-83219.140625,2995.876465,134,
21,0.0,115812.179688,-18522.195313,4832.171387,201,
21,0.0,148906.640625,-72073.828125,879.25,275,
21,0.0,186034.09375,-88211.921875,3769.480957,320,
21,0.0,149365.0,-94447.507813,3052.950195,105,
21,0.0,159298.265625,-69363.640625,532.468262,163,
21,0.0,183077.8125,-86809.140625,3600.885742,18,
21,0.0,120721.898438,-20690.960938,3382.33252,352,
21,0.0,121724.757813,-78878.53125,1845.220215,350,
21,0.0,198668.3125,-86326.171875,5184.489258,36,
21,0.0,184172.953125,-94158.34375,4000.758301,58,
21,0.0,105285.195313,-30888.78125,2770.656738,184,
21,0.0,112249.859375,-21807.648438,4679.828613,351,
21,0.0,147909.9375,-70009.65625,1123.504883,208,
21,0.0,118645.421875,-77623.414063,2288.434082,289,
21,0.0,117393.375,-8690.453125,4231.713379,330,
21,0.0,196364.1875,-74747.101563,984.730469,71,
21,0.0,144673.703125,-75673.0625,669.544922,167,
21,0.0,183333.125,-71538.5625,1240.661133,359,
21,0.0,189473.359375,-76414.4375,1301.575195,27,
22,0.0,112695.921875,-91749.625,3115.344727,182,
22,0.0,110930.140625,-82542.359375,2975.941406,326,
22,0.0,155788.25,-81182.65625,808.775391,206,
22,0.0,157249.46875,-83938.984375,1516.60498,185,
22,0.0,186086.390625,-90992.867188,4012.566406,101,
22,0.0,110474.859375,-72396.835938,4287.79248,264,
22,0.0,188559.71875,-92438.710938,4425.036621,345,
22,0.0,122183.125,-2008.796875,6162.535156,237,
22,0.0,154170.125,-72938.265625,604.216309,77,
22,0.0,169351.5,-75873.015625,1572.844727,172,
22,0.0,160494.9375,-80401.28125,1283.388672,48,
22,0.0,109595.046875,-80330.53125,3920.795898,144,
22,0.0,148442.125,-54394.53125,582.625488,178,
22,0.0,114123.304688,-86824.523438,2896.218262,137,
22,0.0,183828.40625,-73052.078125,1334.605469,57,
22,0.0,127145.140625,-83003.804688,1062.643555,237,
22,0.0,124604.140625,-73153.601563,508.959961,288,
22,0.0,113268.109375,-92001.882813,3039.438477,116,
22,0.0,104091.601563,-98668.148438,4323.371094,214,
22,0.0,177294.4375,-88907.15625,4138.481445,319,
22,0.0,187332.28125,-83572.914063,3058.167969,221,
22,0.0,157864.734375,-79773.726563,812.710938,312,
22,0.0,141742.015625,-67545.5625,1429.630859,52,
23,0.0,189008.84375,-94561.335938,4603.445313,126,
23,1.0,110081.09375,-66727.28125,2661.904785,226,
23,1.0,129073.953125,-82945.351563,904.848145,183,
23,1.0,104925.273438,-72596.796875,6255.864258,100,
23,1.0,155496.0,-63918.648438,535.680664,120,
23,0.0,109176.671875,-87402.859375,3215.286133,356,
23,1.0,134835.8125,-2848.617188,3016.896484,113,
23,0.0,120186.625,-78823.15625,2177.607422,102,
23,0.0,183819.1875,-95379.617188,4032.518311,183,
23,1.0,124108.867188,-75709.976563,1036.164063,13,
23,1.0,119426.789063,-89051.742188,2565.203613,51,
23,0.0,157307.921875,-95801.070313,4334.021484,20,
23,1.0,114609.359375,-81087.289063,2521.289551,6,
23,1.0,199988.03125,-72319.929688,696.91748,249,
23,0.0,151084.640625,-95299.640625,3524.63623,258,
23,1.0,172526.21875,-84465.03125,4080.775635,258,
23,1.0,103596.328125,-22788.976563,4864.02002,211,
23,1.0,108841.359375,-22767.445313,5091.172852,116,
23,0.0,143381.671875,-71212.476563,1169.802246,121,
23,0.0,126625.25,-76798.976563,599.191406,11,
23,0.0,176962.1875,-67194.875,1194.645996,220,
23,0.0,173676.734375,-96625.507813,4901.296875,74,
23,1.0,189448.75,-88279.601563,4136.67334,89,
23,1.0,149731.078125,-89110.1875,1711.727051,210,
23,0.0,158446.140625,-68323.859375,581.169922,129,
23,0.0,101427.554688,-70363.429688,6199.613281,232,
23,1.0,164118.78125,-79441.484375,1740.289063,176,
23,0.0,158409.234375,-75642.296875,484.047363,342,
23,0.0,130655.15625,-85332.539063,935.079102,110,
23,0.0,122013.929688,-17507.03125,5260.924805,350,
23,0.0,122952.1875,-100095.53125,2654.406738,265,
23,0.0,106288.054688,-29439.867188,4399.491699,352,
23,0.0,114750.867188,-92823.242188,2981.482422,26,
23,1.0,185412.6875,-72212.265625,1023.770508,45,
23,0.0,117242.640625,-28027.851563,1451.019043,72,
23,0.0,113458.835938,-18432.984375,4151.008789,4,
23,0.0,156591.15625,-83846.703125,1409.8125,27,
23,0.0,147759.1875,-87264.429688,1003.410645,76,
23,1.0,165115.484375,-92570.992188,4066.120605,139,
23,1.0,173307.59375,-87064.476563,4341.562988,336,
23,0.0,167634.9375,-70895.617188,642.743164,130,
23,0.0,164327.96875,-81914.804688,2409.641602,26,
23,0.0,166441.359375,-90060.757813,3980.134521,322,
23,1.0,179447.8125,-67610.171875,1185.749512,57,
23,0.0,149226.578125,-65653.664063,1219.530762,141,
23,1.0,188119.8125,-91442.0,4292.460449,63,
23,0.0,115787.5625,-98738.898438,3608.890137,146,
23,1.0,158966.03125,-99308.007813,5381.415039,344,
23,1.0,104134.671875,-59525.742188,2529.148438,137,
23,1.0,197471.65625,-84123.5625,4224.178223,144,
23,1.0,119500.617188,-77389.617188,2106.562012,105,
23,0.0,148088.359375,-74341.039063,706.1875,129,
24,1.0,100926.125,-95988.71875,4734.62207,249,
24,1.0,151727.578125,-67487.125,935.541992,303,
24,0.0,138050.5,-90660.625,977.218262,194,
24,1.0,124604.140625,-98911.171875,2188.771973,344,
24,0.0,120392.734375,-89937.703125,2567.644531,123,
24,1.0,107450.882813,-31347.148438,2307.238281,9,
24,1.0,183370.046875,-84560.390625,3360.07959,62,
24,0.0,171707.921875,-72762.914063,1117.150879,320,
24,1.0,175101.046875,-66527.328125,1120.602539,237,
24,1.0,170637.390625,-64635.421875,927.066895,312,
24,0.0,109831.914063,-75623.84375,4447.702637,160,
24,1.0,135964.796875,-71830.804688,741.437988,326,
24,0.0,182736.34375,-84234.3125,3364.587891,355,
24,0.0,145778.078125,-61273.058594,1351.59668,323,
24,1.0,195533.59375,-90629.867188,5723.154297,220,
24,0.0,116292.078125,-701.390625,1364.505371,132,
24,1.0,182268.75,-65745.953125,558.58252,36,
24,1.0,106927.921875,-85289.46875,5679.699707,324,
24,1.0,126822.132813,-19466.609375,666.970215,51,
24,1.0,194097.0,-79715.273438,2178.321777,143,
24,0.0,173787.484375,-97776.03125,5087.054688,358,
24,1.0,112012.992188,-76112.96875,3506.276855,118,
24,1.0,159642.8125,-81127.28125,1292.856445,294,
24,1.0,171301.859375,-85560.179688,4174.33252,38,
24,1.0,110573.296875,-87129.078125,2728.545898,227,
24,1.0,195868.90625,-79672.203125,2290.978027,302,
24,0.0,141009.875,-96087.164063,2282.120117,348,
24,0.0,134119.03125,-10117.835938,958.554688,162,
24,0.0,187335.359375,-81379.53125,2546.591309,360,
24,0.0,104903.742188,-91512.75,4558.919434,155,
24,0.0,108512.195313,-18995.9375,1905.598145,142,
24,0.0,108139.96875,-26142.109375,6026.466797,139,
24,1.0,128449.476563,-8973.46875,6869.904785,127,
24,1.0,140068.53125,-70569.539063,1140.47168,4,
24,1.0,116470.5,-12880.320313,5271.231445,10,
24,0.0,105432.859375,-63651.015625,2743.722168,71,
24,0.0,156335.828125,-88593.375,2569.895996,343,
24,1.0,110680.96875,-28446.226563,4812.53418,299,
24,0.0,129843.023438,-4260.632813,7584.631836,14,
24,0.0,109007.476563,-92158.765625,4193.279785,143,
24,0.0,127037.46875,-9524.117188,6457.305664,48,
24,0.0,113129.671875,-30535.015625,1642.572754,113,
24,1.0,139634.78125,-96520.914063,2197.784668,260,
24,1.0,187021.578125,-83868.234375,3118.196289,86,
24,0.0,170483.5625,-64170.902344,873.34375,336,
24,1.0,196573.375,-73556.59375,767.083984,226,
25,1.0,174608.84375,-64324.714844,761.05957,355,
25,1.0,190866.90625,-85978.554688,3890.494629,146,
25,0.0,192826.484375,-74854.773438,889.021973,350,
25,1.0,171120.359375,-91608.117188,4484.419922,108,
25,1.0,199025.15625,-73762.703125,883.4375,296,
25,1.0,121047.984375,-20632.515625,3233.054199,256,
25,1.0,170825.03125,-65429.097656,1006.127441,77,
25,1.0,135611.03125,-10800.773438,579.228027,347,
25,1.0,141431.3125,-64530.828125,1487.396484,249,
25,0.0,159356.71875,-75949.921875,527.203125,74,
25,0.0,117897.882813,-85578.640625,2270.521973,119,
25,1.0,113929.5,-30030.507813,1729.063477,330,
25,1.0,187950.609375,-95991.796875,4450.010254,104,
25,0.0,170852.71875,-69099.078125,1012.342773,152,
25,1.0,136536.984375,-8515.101563,670.52002,234,
25,1.0,105915.828125,-20201.835938,2744.537109,257,
25,0.0,167850.28125,-81145.734375,2893.613281,81,
25,1.0,113151.203125,-78174.0625,2880.379395,227,
25,0.0,146676.34375,-55855.757813,814.052246,284,
25,1.0,157572.484375,-81038.070313,999.592285,26,
25,1.0,131584.1875,-5580.34375,5337.121094,160,
25,0.0,108785.984375,-30301.21875,3543.712402,204,
25,0.0,150737.015625,-66687.289063,1048.786133,340,
25,0.0,148137.578125,-62555.867188,1273.704102,163,
25,1.0,169428.40625,-95096.601563,4559.597656,16,
25,1.0,121460.203125,-18014.617188,4859.602051,342,
25,1.0,188925.78125,-91657.335938,4444.101074,347,
25,1.0,101476.78125,-56880.15625,2276.637207,150,
25,0.0,201369.28125,-70978.679688,618.764648,4,
25,0.0,149168.125,-98418.96875,4020.65625,61,
25,0.0,176531.515625,-89368.59375,4218.306641,52,
25,0.0,103768.59375,-22358.304688,4661.341309,245,
25,0.0,115295.359375,-79899.851563,2613.214355,245,
25,1.0,104027.0,-18205.335938,993.414063,339,
25,0.0,169160.78125,-99698.695313,5502.961914,220,
25,1.0,190534.671875,-87839.695313,4231.561523,56,
25,0.0,166521.34375,-91297.414063,4086.785645,198,
25,1.0,195896.59375,-79869.085938,2363.452637,32,
25,1.0,104337.703125,-66130.484375,3803.864746,192,
25,1.0,106638.75,-21970.695313,4632.025391,169,
25,1.0,124053.492188,-99830.976563,2397.264648,167,
25,1.0,127834.226563,-90937.492188,1881.634766,145,
25,1.0,118091.6875,-28581.585938,990.852539,265,
25,1.0,131245.796875,-12049.734375,2034.21875,324,
26,0.0,113034.3125,-28406.234375,3379.437988,319,
26,0.0,147343.90625,-96640.890625,3284.074707,262,
26,0.0,154007.09375,-61937.535156,657.42334,205,
26,1.0,110773.25,-94198.335938,4264.032715,116,
26,0.0,135066.53125,-8281.304688,1142.481934,8,
26,0.0,164497.15625,-68529.96875,808.53125,242,
26,1.0,169019.265625,-88925.617188,4230.572754,296,
26,1.0,152807.34375,-57024.738281,516.631836,89,
26,1.0,170105.1875,-64509.292969,963.475586,342,
26,1.0,194656.875,-90903.65625,5569.484375,37,
26,0.0,102273.53125,-63810.980469,4273.729004,103,
26,1.0,126702.15625,-13726.296875,4955.469727,76,
26,1.0,174938.0,-74550.21875,1665.696289,161,
26,1.0,119109.9375,-99600.257813,3012.254395,68,
26,0.0,106251.140625,-21946.078125,4574.773438,140,
26,1.0,124585.6875,-13317.15625,6402.009766,295,
26,0.0,112480.578125,-28938.429688,3500.398438,294,
26,1.0,131215.03125,-10846.914063,2624.160156,346,
26,1.0,196967.140625,-76823.585938,1485.431152,113,
26,0.0,104629.953125,-63730.996094,3145.547363,52,
26,1.0,157151.03125,-81862.507813,1095.778809,181,
26,0.0,170246.703125,-85880.109375,4138.522949,179,
27,1.0,146550.21875,-67191.796875,1384.288086,274,
27,0.0,142400.34375,-56904.765625,987.244629,32,
27,0.0,115944.453125,-89574.703125,2742.963867,97,
27,0.0,128634.054688,-12329.671875,4472.952148,294,
27,1.0,180401.453125,-74405.640625,1730.34082,70,
27,1.0,107275.539063,-77398.84375,6027.923828,266,
27,0.0,129009.359375,-80481.265625,543.487305,141,
27,0.0,112083.742188,-63044.988281,746.823242,56,
27,0.0,197188.640625,-94173.726563,7286.445313,342,
27,0.0,139619.40625,-53385.515625,525.711914,90,
27,1.0,166062.96875,-96111.773438,4577.960938,258,
27,1.0,120269.6875,-78644.734375,2142.995117,223,
27,0.0,199618.875,-93869.171875,7948.688477,177,
27,1.0,166798.203125,-83099.164063,3188.532715,99,
27,1.0,105795.859375,-26135.953125,5890.507813,50,
27,0.0,120940.3125,-14126.210938,7141.022461,89,
27,0.0,141569.75,-93746.125,1841.68457,183,
27,0.0,119968.210938,-19672.71875,4272.552246,3,
27,0.0,108032.296875,-97114.632813,4673.904785,119,
27,0.0,126714.460938,-86584.578125,1827.510742,236,
27,1.0,138241.234375,-57440.035156,870.23584,14,
27,1.0,148986.625,-93124.71875,2657.208496,139,
27,1.0,163377.40625,-75177.78125,654.743652,269,
27,0.0,191223.75,-84871.09375,3641.703613,111,
27,0.0,125176.328125,-13852.421875,5896.688477,78,
27,1.0,193137.1875,-100147.828125,7871.36084,298,
27,0.0,181296.65625,-66708.828125,861.399902,314,
28,1.0,150764.71875,-68523.820313,981.943848,107,
28,1.0,189805.59375,-71873.875,489.600586,259,
28,0.0,105442.085938,-56347.957031,815.853516,278,
28,0.0,124019.65625,-8105.960938,7357.071777,302,
28,0.0,194592.265625,-97822.171875,7694.333984,46,
28,0.0,154465.453125,-96065.625,4150.360352,5,
28,0.0,200307.96875,-79586.070313,2561.812988,41,
28,0.0,159541.296875,-74731.71875,486.184082,63,
28,1.0,111926.851563,-27237.257813,5081.848633,161,
28,1.0,168484.0,-91122.070313,4279.064941,253,
28,1.0,190171.671875,-76423.671875,1266.559082,198,
28,1.0,106703.351563,-88261.140625,4581.129395,181,
28,0.0,116978.078125,-1002.859375,1912.55127,285,
28,0.0,159741.25,-78500.148438,811.394531,189,
28,1.0,150063.3125,-92786.328125,2733.788574,328,
28,1.0,113221.960938,-31027.21875,1214.580078,104,
28,0.0,136026.3125,-9542.570313,664.76709,258,
28,0.0,122130.828125,-88208.84375,2429.825195,299,
28,1.0,132119.46875,-4223.710938,5292.626953,232,
28,0.0,133632.984375,-67684.0,740.954102,143,
28,1.0,126139.203125,-100258.578125,2188.763184,280,
28,0.0,121721.6875,-22828.96875,1787.208984,239,
28,0.0,124957.914063,-86670.710938,2099.015137,181,
28,0.0,170618.9375,-83200.6875,3738.473145,62,
28,1.0,122201.578125,-90549.882813,2310.419434,85,
28,1.0,142381.875,-59202.734375,1222.542969,53,
28,0.0,151675.28125,-68250.03125,923.806152,304,
29,1.0,129147.789063,-97966.757813,1840.025391,163,
29,1.0,191045.328125,-81653.320313,2663.318848,20,
29,0.0,195758.171875,-83191.453125,3625.048828,100,
29,1.0,183782.265625,-81825.59375,2895.222168,257,
29,0.0,139250.25,-56689.425781,856.164551,152,
29,1.0,115196.921875,-68600.726563,1639.949219,284,
29,0.0,119528.304688,-70677.203125,1093.987793,351,
29,1.0,140985.25,-69545.140625,1269.276367,51,
29,1.0,159778.171875,-86655.328125,2514.450684,239,
29,0.0,130362.914063,-100501.601563,2204.985352,217,
29,0.0,133313.046875,-92420.25,1144.222656,36,
29,1.0,129578.46875,-97526.851563,1790.798828,350,
29,0.0,117033.453125,-99870.96875,3306.393066,236,
29,0.0,167825.671875,-91365.09375,4224.771973,180,
29,0.0,189925.5625,-84560.390625,3429.946777,284,
29,1.0,131725.703125,-4614.398438,5604.199219,357,
29,1.0,178208.0625,-65379.875,842.854492,34,
29,0.0,172273.96875,-79607.609375,2965.868652,218,
29,1.0,177691.265625,-100138.601563,5196.579102,165,
29,0.0,142575.6875,-64429.3125,1521.624023,25,
29,1.0,163555.828125,-74153.382813,513.257813,41,
29,0.0,172809.21875,-75030.125,1666.851074,256,
29,1.0,131747.234375,-87369.023438,884.480957,182,
29,0.0,161510.09375,-99286.476563,5427.526367,38,
29,1.0,105475.921875,-78730.867188,7344.529297,203,
29,1.0,105921.984375,-28593.890625,5031.256836,17,
29,1.0,103119.507813,-69948.132813,5650.987305,255,
29,1.0,128286.4375,-18436.0625,500.319824,262,
30,0.0,151229.21875,-63235.71875,999.983887,125,
30,1.0,195712.03125,-79782.953125,2315.026367,97,
30,1.0,149543.4375,-57470.796875,813.45752,226,
30,1.0,170431.28125,-74620.976563,1349.495117,12,
30,1.0,194807.59375,-78832.390625,1930.868652,327,
30,0.0,159815.078125,-96407.09375,4564.588379,322,
30,0.0,109791.921875,-80235.164063,3773.788574,150,
30,1.0,130661.3125,-91183.59375,1358.387695,226,
30,0.0,133500.703125,-87461.3125,629.583984,345,
30,0.0,117934.796875,-75731.515625,2091.690918,99,
30,0.0,130445.96875,-6450.929688,6421.479492,130,
30,0.0,159470.53125,-62285.152344,612.73291,88,
30,0.0,124813.328125,-15150.609375,5289.325195,79,
30,1.0,180733.6875,-80305.921875,2892.666992,209,
30,0.0,110084.171875,-81222.640625,3493.462891,352,
30,1.0,118768.46875,-70283.445313,1199.046387,86,
30,0.0,155391.40625,-82816.148438,1037.813477,182,
30,0.0,162562.1875,-96133.304688,4516.390137,283,
30,1.0,146421.015625,-60614.742188,1276.526855,143,
30,0.0,150438.625,-72076.90625,773.308594,149,
30,0.0,170914.25,-64398.546875,871.744141,149,
30,0.0,108478.359375,-17802.34375,999.563965,45,
30,1.0,108533.734375,-78294.039063,5083.75293,92,
31,0.0,170462.03125,-63398.761719,739.071289,175,
31,1.0,118470.070313,-16501.09375,5663.714844,150,
31,1.0,130442.898438,-12369.664063,3019.731934,352,
31,0.0,173624.4375,-70766.421875,1162.75,162,
31,1.0,186643.1875,-92346.421875,4146.12207,224,
31,1.0,173747.5,-64417.003906,806.324219,38,
31,1.0,161756.203125,-93500.023438,3986.402832,18,
31,1.0,190328.5625,-91666.570313,4724.496582,55,
31,0.0,102827.257813,-28218.585938,4354.562012,68,
31,0.0,173956.6875,-93041.65625,4542.730469,334,
31,1.0,105623.585938,-19066.695313,1433.677734,47,
31,0.0,147042.421875,-87661.265625,1017.939453,168,
31,1.0,191143.78125,-76205.25,1182.362305,359,
31,0.0,135672.546875,-11978.976563,488.850586,317,
31,1.0,101064.5625,-23395.0,4768.270996,23,
31,1.0,113154.28125,-12003.585938,719.423828,1,
31,0.0,105392.867188,-23133.523438,4993.795898,199,
31,1.0,145885.75,-53293.226563,556.954102,217,
31,1.0,109407.390625,-94410.59375,4438.151367,255,
31,1.0,170991.15625,-99594.101563,5432.246094,342,
31,0.0,149820.296875,-67170.265625,1126.40625,278,
31,1.0,113855.671875,-80339.757813,2609.085449,159,
31,1.0,130910.492188,-13993.929688,1271.230469,304,
31,0.0,121515.578125,-7481.476563,7906.286133,53,
31,0.0,133768.34375,-87999.65625,658.025391,323,
31,1.0,109444.304688,-66235.078125,2561.263184,27,
31,1.0,106128.09375,-60267.121094,2165.367188,127,
31,1.0,191482.15625,-83606.75,3294.904785,177,
31,0.0,109016.703125,-24121.0,5662.313477,77,
31,1.0,126271.484375,-79167.703125,922.125,178,
31,1.0,189165.734375,-90054.601563,4339.942383,323,
31,0.0,111320.828125,-31430.210938,1454.034668,167,
31,1.0,115498.398438,-20232.601563,4541.236816,359,
31,1.0,131981.03125,-89377.828125,999.708984,201,
31,0.0,186098.6875,-90780.601563,3998.666016,188,
31,0.0,183628.46875,-85738.601563,3488.351074,166,
31,1.0,150767.78125,-64524.675781,1067.946777,100,
32,0.0,158077.0,-94425.976563,4038.035156,138,
32,1.0,158532.28125,-68203.890625,583.516602,350,
32,0.0,158304.640625,-80022.898438,904.558594,15,
32,1.0,160421.109375,-61786.796875,680.489258,334,
32,0.0,150558.59375,-65478.316406,1088.600586,303,
32,0.0,146648.65625,-57495.40625,988.0625,162,
32,1.0,146571.75,-96862.382813,3209.668945,161,
32,0.0,101882.84375,-87664.34375,6080.780273,118,
32,1.0,116630.460938,-21647.679688,4338.331543,1,
32,0.0,106580.304688,-66690.367188,3234.084473,306,
32,0.0,201237.0,-80828.882813,3084.306152,329,
32,1.0,122564.578125,-99827.898438,2673.116699,190,
32,0.0,114750.867188,-67164.109375,1245.430664,209,
32,1.0,182622.515625,-89359.367188,3753.484863,74,
32,1.0,143123.265625,-75525.398438,693.015137,25,
32,0.0,175783.96875,-67828.578125,1243.199219,173,
32,1.0,153570.265625,-74214.914063,481.64502,350,
32,0.0,177918.90625,-85449.4375,3939.572021,270,
32,0.0,141265.203125,-68216.195313,1374.186035,337,
32,0.0,124278.0625,-81825.59375,1550.934082,6,
32,1.0,133476.09375,-72144.585938,501.705078,15,
32,0.0,167293.484375,-65970.515625,1306.225586,18,
32,0.0,174279.6875,-79041.570313,2874.94873,1,
32,0.0,103531.726563,-61752.957031,3151.788086,359,
32,1.0,113628.03125,-72406.070313,3083.606445,303,
32,0.0,122475.367188,-22967.398438,1069.356445,45,
33,0.0,145408.9375,-75236.234375,705.84082,192,
33,0.0,182287.203125,-83496.0,3305.687012,6,
33,0.0,158639.953125,-68689.9375,570.235352,36,
33,0.0,112809.742188,-90992.867188,2972.431152,104,
33,1.0,152339.75,-91934.203125,2866.27002,207,
33,0.0,175239.46875,-64438.539063,765.813965,117,
33,0.0,107727.75,-69938.898438,4512.855469,221,
33,1.0,102851.867188,-33783.554688,714.413086,129,
33,0.0,114704.71875,-98757.359375,4005.167236,276,
33,1.0,130061.4375,-92041.875,1497.795898,80,
33,1.0,142907.921875,-56560.222656,954.930176,170,
33,1.0,197413.203125,-76128.351563,1331.082031,22,
33,1.0,118596.195313,-73372.015625,1709.791504,153,
33,0.0,146633.28125,-66936.46875,1389.462891,9,
33,0.0,191079.171875,-91235.890625,4839.506836,245,
33,0.0,170172.875,-96440.929688,4760.618652,353,
33,0.0,122641.484375,-93949.15625,2397.668457,312,
33,1.0,123530.53125,-16359.578125,5217.303711,47,
33,0.0,197330.140625,-87568.984375,5378.896484,279,
33,1.0,141483.609375,-65484.46875,1486.976563,194,
34,1.0,197376.28125,-73095.15625,716.064941,302,
34,0.0,130070.671875,-612.179688,7670.224121,126,
34,0.0,149131.21875,-88405.726563,1443.803711,168,
34,1.0,130273.703125,-95973.335938,1656.34375,264,
34,1.0,107687.757813,-73728.859375,5298.526367,262,
34,1.0,117261.09375,-95948.726563,2992.785156,3,
34,1.0,115095.40625,-12984.921875,3252.612305,352,
34,1.0,165352.359375,-75017.8125,830.380859,348,
34,1.0,112643.625,-94450.585938,3989.986084,344,
34,0.0,128523.3125,-87236.742188,1556.085938,247,
34,0.0,101984.359375,-26489.726563,5058.020508,322,
34,0.0,149060.453125,-98391.28125,3996.63208,300,
34,1.0,185775.6875,-98692.757813,4358.046387,80,
34,1.0,139188.71875,-89144.03125,805.004395,22,
34,0.0,106272.679688,-63426.445313,2333.032715,97,
34,0.0,167262.71875,-95284.257813,4494.015625,194,
34,1.0,119211.453125,-72624.484375,1496.963379,179,
34,1.0,169846.78125,-75414.65625,1501.185547,204,
34,1.0,115295.359375,-92272.59375,2824.407227,182,
34,1.0,166561.34375,-83397.5625,3209.69873,15,
34,1.0,123259.8125,-16411.875,5298.772461,103,
35,0.0,167616.5,-74968.59375,1112.120605,197,
35,0.0,181330.484375,-83360.648438,3379.560059,95,
35,1.0,186790.859375,-96582.4375,4285.421387,336,
35,1.0,128769.40625,-15793.546875,1276.333008,216,
35,0.0,103716.296875,-62383.59375,3253.772461,37,
35,1.0,128532.539063,-16027.34375,1308.307129,165,
35,1.0,142000.4375,-64103.226563,1503.182617,226,
35,1.0,187603.0,-98800.429688,4688.462402,175,
35,1.0,122349.242188,-96188.679688,2392.650879,26,
35,1.0,112714.375,-68176.203125,2227.854492,360,
35,0.0,164620.203125,-78398.632813,1560.361328,100,
35,0.0,178857.15625,-65167.613281,758.888672,52,
35,0.0,120528.09375,-68948.34375,516.861816,274,
35,0.0,112139.117188,-63832.511719,965.541016,341,
35,1.0,176343.859375,-79776.796875,3032.972168,321,
35,0.0,125554.710938,-77749.539063,965.96582,64,
35,0.0,181807.3125,-77106.601563,2093.865723,350,
35,1.0,166269.09375,-87568.984375,3813.441895,2,
35,1.0,162082.28125,-68526.898438,660.523438,161,
35,1.0,119737.492188,-9739.453125,6999.36084,357,
35,1.0,179721.59375,-99286.476563,4736.888672,313,
35,0.0,154837.6875,-99704.851563,5220.886719,243,
35,1.0,119392.953125,-86772.226563,2432.43457,107,
35,0.0,181841.15625,-74116.46875,1627.518555,274,
35,1.0,168594.75,-67453.28125,1098.336914,93,
36,1.0,188541.25,-89574.703125,4181.529785,243,
36,0.0,110967.0625,-75783.804688,3982.838135,274,
36,1.0,117378.0,-20530.992188,4862.651855,307,
36,1.0,101941.296875,-72710.617188,7799.229492,14,
36,0.0,126345.3125,-90472.976563,1999.005859,16,
36,1.0,116538.171875,-65878.234375,689.081543,76,
36,0.0,137266.0625,-72925.953125,749.08252,186,
36,0.0,172203.203125,-99135.742188,5332.87793,217,
36,1.0,127612.734375,-90048.453125,1905.456543,32,
36,1.0,122712.242188,-95668.789063,2363.82373,64,
36,1.0,159802.78125,-82800.765625,1667.846191,133,
36,0.0,184649.78125,-70907.921875,973.617676,42,
36,1.0,120814.1875,-76995.859375,1811.265625,268,
36,1.0,108376.84375,-29999.742188,4009.107178,97,
36,0.0,158658.40625,-90279.171875,3213.946777,258,
36,0.0,180395.296875,-72673.703125,1572.419434,139,
36,0.0,150546.296875,-61383.808594,1004.421387,158,
36,0.0,126560.648438,-19097.460938,869.199707,108,
36,1.0,106011.195313,-96157.914063,4905.67041,201,
36,1.0,157095.65625,-92654.046875,3596.192871,346,
36,0.0,137487.546875,-87904.296875,625.80957,4,
36,0.0,112191.414063,-79309.203125,2828.294434,152,
36,1.0,145399.703125,-66699.59375,1459.008301,86,
36,0.0,168594.75,-75814.570313,1462.821777,325,
36,1.0,176768.375,-87249.046875,4160.217285,71,
36,1.0,106251.140625,-92980.132813,4652.177246,19,
36,0.0,163571.203125,-97111.554688,4760.683105,337,
36,0.0,152490.5,-66970.304688,879.53125,263,
