0,0.0,191528.3125,46885.367188,5314.624023,112,
0,0.0,112671.3125,71107.882813,5168.076172,55,
0,0.0,132359.40625,341.465485,6196.251953,190,
0,0.0,118180.898438,13818.585938,5034.512695,54,
0,0.0,182764.03125,32906.8125,1140.6875,127,
0,0.0,176934.5,43464.558594,2774.641113,233,
0,0.0,168936.21875,67582.484375,7295.280273,151,
0,0.0,123385.945313,16824.097656,6922.127441,302,
0,0.0,188298.21875,48106.644531,7030.831543,249,
0,0.0,168791.625,61863.703125,6035.490234,172,
0,0.0,166259.859375,82345.476563,2354.070313,144,
0,0.0,106949.453125,82683.867188,4733.214355,58,
0,0.0,192325.0625,70606.453125,3131.460938,345,
0,0.0,167324.25,49715.53125,1408.297363,103,
0,0.0,191857.46875,24213.287109,862.144043,130,
0,0.0,101362.953125,84102.03125,6424.334961,173,
0,0.0,159033.71875,92254.132813,1580.648438,263,
0,0.0,160901.0,88688.742188,1791.226074,159,
0,0.0,189897.890625,72513.734375,3809.796387,275,
0,0.0,157677.078125,79887.546875,1424.680664,49,
0,0.0,182779.40625,64020.164063,1196.150391,177,
0,0.0,165426.1875,60427.089844,2840.988281,133,
0,0.0,106989.445313,81936.335938,5109.496094,329,
0,0.0,185443.453125,94899.71875,1685.327637,170,
0,0.0,108382.992188,28307.798828,7352.36084,247,
1,0.0,100972.273438,85855.5,6478.168457,117,
1,0.0,114027.945313,74556.375,4931.500977,13,
1,0.0,162171.5,73605.8125,1532.777832,166,
1,0.0,121235.632813,78386.328125,1900.669434,79,
1,0.0,164226.4375,87885.835938,3032.243164,314,
1,0.0,200188.0,89919.25,6967.013672,250,
1,0.0,182822.46875,72009.226563,5515.740234,309,
1,0.0,195305.96875,29882.847656,2603.959473,204,
1,0.0,163666.5625,83917.453125,1831.284668,340,
1,0.0,111579.234375,59485.75,2189.143066,109,
1,0.0,113394.234375,86886.046875,1173.447266,277,
1,0.0,115815.25,33085.238281,6774.53418,340,
1,0.0,119245.289063,37555.054688,2750.994141,259,
1,0.0,168837.78125,70089.640625,7466.109375,185,
1,0.0,196247.296875,92847.851563,7171.894531,179,
1,0.0,155219.140625,79822.9375,1111.05957,303,
1,0.0,139290.234375,5574.193359,888.04248,226,
1,0.0,173833.625,46427.003906,2939.629395,288,
1,0.0,181539.671875,55994.1875,5197.727539,77,
1,0.0,124081.179688,77632.640625,550.242676,225,
1,0.0,179973.84375,52062.71875,7910.242676,244,
1,0.0,186467.84375,53277.847656,3965.428955,202,
1,0.0,121500.195313,63595.640625,485.830078,77,
1,0.0,101107.625,19192.822266,584.438965,293,
1,0.0,182376.40625,30338.132813,842.726563,159,
2,0.0,167638.03125,70877.164063,6381.946289,26,
2,0.0,101190.6875,73452.0,7091.023438,198,
2,0.0,119359.109375,6432.471191,3345.540039,278,
2,0.0,123715.101563,30387.353516,2614.921875,286,
2,0.0,190153.21875,68274.640625,2919.28125,186,
2,0.0,167287.34375,67225.632813,5967.925781,80,
2,0.0,153757.90625,72467.59375,960.438965,285,
2,0.0,173455.25,48441.957031,3878.159668,6,
2,0.0,104045.460938,61589.917969,2569.211426,187,
2,0.0,102012.046875,42775.476563,1571.874512,339,
2,0.0,186901.59375,48506.558594,7358.910156,9,
2,0.0,201267.75,29525.998047,4102.593262,329,
2,0.0,192998.75,49389.449219,1613.135742,285,
2,0.0,104110.0625,92358.726563,1865.34082,257,
2,0.0,129227.773438,16168.851563,5056.207031,42,
2,0.0,163765.0,49770.90625,888.601563,173,
2,0.0,152758.125,78377.101563,972.533203,357,
2,0.0,175061.0625,89725.445313,3838.869141,300,
2,0.0,118993.039063,86338.476563,917.468262,50,
2,0.0,187436.875,55821.921875,764.188965,266,
2,0.0,116452.039063,71430.890625,2360.896973,129,
2,0.0,121143.34375,39779.191406,1835.821777,131,
2,0.0,102098.1875,41621.875,2112.978027,280,
2,0.0,112662.078125,50973.722656,481.426758,276,
2,0.0,197145.5625,36346.078125,6031.425781,254,
2,0.0,137838.234375,2787.09668,916.523438,262,
2,0.0,164364.875,62946.550781,2439.370605,284,
2,0.0,177543.59375,46414.699219,5340.510742,139,
3,0.0,157732.453125,96982.359375,662.304199,81,
3,0.0,168179.4375,42354.027344,683.166016,15,
3,0.0,159716.640625,72929.03125,1442.404297,122,
3,0.0,175131.8125,41366.542969,1478.441406,39,
3,0.0,186089.46875,98861.953125,1906.429688,138,
3,0.0,122558.429688,72036.914063,1340.158691,83,
3,0.0,114467.851563,40394.445313,3035.534668,125,
3,0.0,171895.578125,87608.96875,3664.657715,101,
3,0.0,109105.921875,86384.617188,1447.702148,45,
3,0.0,198086.90625,25899.082031,853.222656,158,
3,0.0,182794.78125,52613.371094,6479.888672,190,
3,0.0,108016.921875,35786.199219,4113.814453,68,
3,0.0,123693.570313,3722.281494,5844.004883,215,
3,0.0,162974.40625,56794.015625,1002.492676,64,
3,0.0,136183.203125,10299.336914,1347.515625,72,
3,0.0,112268.320313,33614.355469,6035.152344,305,
3,0.0,179038.65625,63826.359375,3789.937988,213,
3,0.0,113080.453125,69594.359375,3962.223633,75,
3,0.0,117651.78125,3740.739258,2410.418945,328,
3,0.0,114009.484375,11591.369141,3440.559082,76,
3,0.0,110179.53125,19851.142578,4878.20459,90,
3,0.0,185840.28125,38090.324219,5781.009766,30,
3,0.0,118147.0625,74928.609375,2447.24707,221,
3,0.0,119749.796875,65822.859375,810.577637,221,
3,0.0,195090.625,28363.169922,1553.329102,347,
3,0.0,113172.742188,90485.28125,488.747559,28,
3,0.0,115430.71875,6361.717285,1596.115234,196,
3,0.0,138585.78125,13520.188477,659.984863,131,
4,0.0,121592.484375,61632.984375,542.682129,307,
4,0.0,189577.953125,42067.933594,7902.212891,77,
4,0.0,180542.96875,66711.898438,2394.453613,119,
4,0.0,117159.578125,40732.835938,2414.0,101,
4,0.0,199065.15625,93635.382813,6615.867676,34,
4,0.0,173562.90625,90703.695313,3991.647461,307,
4,0.0,191451.40625,42071.007813,7510.398926,356,
4,0.0,168976.203125,50041.613281,2250.630859,335,
4,0.0,122764.539063,32968.339844,1859.432129,131,
4,0.0,133226.921875,8299.764648,4836.47998,310,
4,0.0,154422.390625,85941.640625,503.585938,123,
4,0.0,175239.46875,59664.175781,7677.486328,226,
4,0.0,165303.140625,60510.144531,2747.206543,121,
4,0.0,187547.625,29633.667969,1183.95166,128,
4,0.0,196616.453125,24320.957031,853.590332,27,
4,0.0,164186.453125,74491.773438,2542.269531,254,
4,0.0,168219.4375,89365.523438,3938.27832,158,
4,0.0,186975.4375,32085.451172,1527.226563,156,
4,0.0,104553.046875,91134.375,2254.180176,115,
4,0.0,113154.28125,53403.972656,943.415039,58,
4,0.0,104457.679688,31516.341797,4090.969727,253,
4,0.0,110357.953125,55385.085938,1289.222656,127,
4,0.0,176888.34375,99283.398438,2554.223633,144,
4,0.0,195659.734375,70957.140625,2859.35498,276,
4,0.0,101132.234375,43910.617188,784.49707,312,
4,0.0,173430.625,59051.996094,7607.3125,74,
4,0.0,187630.6875,31660.927734,1594.078613,17,
5,0.0,198923.65625,21881.478516,972.84082,326,
5,0.0,178131.171875,87652.039063,5249.570313,316,
5,0.0,164198.765625,84871.09375,2167.231934,30,
5,0.0,170529.71875,42274.042969,808.866211,242,
5,0.0,200203.375,15670.49707,775.852539,218,
5,0.0,106780.257813,89002.523438,1762.608398,267,
5,0.0,156618.84375,97846.78125,541.306641,208,
5,0.0,115510.703125,5051.228027,1280.464844,53,
5,0.0,109481.21875,31402.521484,6175.115234,174,
5,0.0,109604.273438,28310.875,7902.092285,358,
5,0.0,156615.765625,89005.59375,832.533691,88,
5,0.0,169936.0,62214.398438,6779.724121,314,
5,0.0,120426.578125,84640.375,903.524414,301,
5,0.0,168650.125,49813.972656,2067.416504,224,
5,0.0,170720.4375,58353.683594,6264.498047,230,
5,0.0,114593.976563,41311.171875,2663.159668,352,
5,0.0,169086.9375,83871.3125,4114.030762,17,
5,0.0,114015.640625,20134.160156,6917.67041,320,
5,0.0,103953.171875,82200.898438,6324.380859,135,
5,0.0,108912.109375,70680.28125,7195.475586,201,
5,0.0,121463.28125,56326.425781,536.49707,139,
6,0.0,108518.351563,42901.601563,2185.632324,197,
6,0.0,175522.5,50450.757813,6277.578125,341,
6,0.0,141163.6875,10345.481445,657.375,1,
6,0.0,185138.90625,61423.796875,935.458984,212,
6,0.0,107315.53125,90002.304688,1126.774902,4,
6,0.0,167216.578125,63318.78125,5377.922852,285,
6,0.0,163162.0625,80250.546875,1656.197266,129,
6,0.0,189688.6875,42695.492188,7813.960938,88,
6,0.0,109828.84375,89285.539063,704.697266,147,
6,0.0,125554.710938,22573.638672,4249.221191,113,
6,0.0,106620.296875,60288.65625,2410.250977,46,
6,0.0,191140.6875,96117.921875,3749.17627,101,
6,0.0,102901.085938,18534.501953,1037.505859,86,
6,0.0,187369.1875,62146.722656,1120.307617,215,
6,0.0,186646.28125,87562.828125,6617.446777,173,
6,0.0,159135.21875,69289.8125,1278.65332,192,
6,0.0,100953.8125,36549.113281,2140.276367,349,
6,0.0,106174.234375,21183.166016,4789.023926,356,
6,0.0,184579.03125,31516.341797,1109.507813,262,
6,0.0,186292.5,38988.59375,7320.376465,275,
6,0.0,160399.578125,67004.140625,1112.891602,188,
6,0.0,164943.21875,89393.203125,3503.430176,230,
6,0.0,172584.65625,89897.71875,3928.455078,275,
6,0.0,200790.9375,39400.8125,5114.886719,43,
6,0.0,104368.46875,81548.726563,6765.706055,223,
6,0.0,195844.3125,27144.970703,981.243652,44,
7,0.0,200357.1875,73375.09375,5961.490234,159,
7,0.0,116645.84375,74854.773438,2756.125488,231,
7,0.0,178081.953125,40668.234375,2028.014648,333,
7,0.0,190048.625,37911.898438,7367.060059,241,
7,0.0,167585.71875,77241.953125,6125.294922,119,
7,0.0,152398.203125,80047.515625,773.692383,318,
7,0.0,196367.265625,69139.070313,1611.80957,197,
7,0.0,116648.921875,3562.315918,1902.502441,53,
7,0.0,192657.296875,26203.630859,885.0,0,
7,0.0,170317.453125,82662.335938,6121.400391,190,
7,0.0,126105.359375,25474.556641,2789.060547,63,
7,0.0,116399.742188,15796.625,4778.143066,355,
7,0.0,200344.875,19057.466797,1114.382324,95,
7,0.0,118993.039063,40280.625,2240.890137,68,
7,0.0,201157.015625,18897.5,1079.349609,110,
7,0.0,104540.742188,37638.109375,3152.555176,36,
7,0.0,117544.109375,54935.953125,966.302734,306,
7,0.0,102261.226563,79386.109375,7759.933105,308,
7,0.0,104291.5625,68357.703125,6674.599609,242,
7,0.0,119285.28125,14360.008789,5639.104492,289,
7,0.0,168822.390625,63109.59375,6462.083008,347,
7,0.0,199781.9375,100061.695313,2448.42627,323,
7,0.0,177958.90625,69871.226563,5548.579102,19,
7,0.0,175137.96875,53213.242188,7407.67627,164,
8,0.0,167754.921875,69597.4375,6332.849609,164,
8,0.0,124278.0625,1701.174927,6566.991211,168,
8,0.0,141766.625,10557.744141,548.079102,238,
8,0.0,123930.4375,75857.632813,691.955078,79,
8,0.0,120654.21875,77374.234375,2140.04541,171,
8,0.0,199123.59375,20752.490234,1054.374512,120,
8,0.0,161780.8125,95924.117188,1741.565918,0,
8,0.0,119316.046875,4632.855957,2842.40918,144,
8,0.0,114590.898438,10231.660156,3135.32373,307,
8,0.0,192635.75,39917.625,6947.017578,263,
8,0.0,141926.59375,9748.686523,542.359375,152,
8,0.0,178592.609375,29812.091797,494.717285,22,
8,0.0,187369.1875,36853.664063,5201.458008,125,
8,0.0,159528.984375,84821.875,1574.081055,249,
8,0.0,180604.484375,66634.992188,2351.592285,229,
8,0.0,167413.453125,87947.367188,3818.499023,296,
8,0.0,172098.609375,50859.898438,4421.499023,272,
8,0.0,136770.78125,341.465485,1552.607422,154,
8,0.0,178604.90625,57157.015625,6239.116211,165,
8,0.0,154493.140625,93761.5,593.657227,185,
8,0.0,119755.953125,85587.867188,925.436035,68,
8,0.0,168465.546875,92638.671875,3470.403809,314,
8,0.0,183191.625,52742.578125,6251.782227,52,
8,0.0,157686.3125,73144.375,1441.940918,163,
8,0.0,127551.203125,19023.626953,3432.285645,115,
9,0.0,187080.03125,66773.421875,2293.340332,75,
9,0.0,132787.015625,4918.949219,4953.704102,274,
9,0.0,103236.40625,99994.015625,1000.418945,261,
9,0.0,199775.78125,91894.210938,6434.746094,107,
9,0.0,166807.4375,86101.601563,3104.929688,324,
9,0.0,191755.953125,29436.787109,1449.099121,190,
9,0.0,200717.125,15550.523438,800.990234,251,
9,0.0,198520.65625,26360.521484,929.955566,288,
9,0.0,121235.632813,6810.852539,4482.942871,128,
9,0.0,120712.671875,42590.898438,1190.612305,65,
9,0.0,153391.84375,73387.398438,788.561523,308,
9,0.0,135817.125,2993.206543,2232.624512,290,
9,0.0,193106.4375,22856.654297,779.285645,224,
9,0.0,125665.453125,39250.074219,647.396484,139,
9,0.0,102455.03125,21143.175781,2722.533691,346,
9,0.0,126133.046875,23561.119141,3327.432129,11,
9,0.0,101609.054688,19814.228516,1042.367676,297,
9,0.0,201341.59375,32226.958984,6180.580078,82,
9,0.0,193777.0625,66416.578125,2134.589844,297,
9,0.0,110884.0,21807.648438,7036.303711,87,
9,0.0,123644.351563,14744.541992,7770.098633,285,
10,0.0,157240.25,67253.328125,796.02832,220,
10,0.0,126492.96875,39379.277344,515.492676,99,
10,0.0,161430.125,92355.648438,2283.651855,169,
10,0.0,158882.96875,54674.472656,682.603027,123,
10,0.0,122078.53125,33522.070313,2252.562012,256,
10,0.0,164515.625,45205.722656,673.108887,265,
10,0.0,160073.484375,91801.921875,1973.680176,291,
10,0.0,180010.765625,59971.804688,4629.156738,91,
10,0.0,131024.3125,3051.655518,7090.529785,263,
10,0.0,188233.625,51484.386719,4715.788086,174,
10,0.0,184225.25,87387.484375,5971.876953,44,
10,0.0,168991.578125,46774.621094,1259.899902,149,
10,0.0,153604.09375,80665.84375,903.208496,332,
10,0.0,102310.445313,74848.617188,7788.98877,333,
10,0.0,195948.90625,19601.964844,747.35791,310,
10,0.0,185658.78125,35740.054688,2771.30127,246,
10,0.0,104762.226563,64167.828125,3593.720215,72,
10,0.0,200507.921875,36502.96875,6035.912109,77,
10,0.0,129298.53125,13452.509766,7390.692383,51,
10,0.0,118968.421875,38105.703125,2698.833984,72,
10,0.0,160999.4375,95210.429688,1781.663086,261,
10,0.0,164395.640625,90411.445313,3224.252441,230,
10,0.0,157630.9375,92134.15625,1058.672852,193,
10,0.0,114027.945313,66613.453125,2744.652832,98,
10,0.0,110379.492188,10893.057617,865.162109,188,
10,0.0,113726.46875,51632.042969,747.536133,250,
11,0.0,200095.703125,22862.806641,925.10498,345,
11,0.0,169422.265625,52274.988281,3157.222168,290,
11,0.0,192411.1875,30851.867188,2913.158691,333,
11,0.0,116292.078125,55455.84375,996.612793,241,
11,0.0,156981.84375,57412.351563,546.260742,20,
11,0.0,171412.609375,98003.671875,1942.016113,246,
11,0.0,101212.21875,38674.8125,2402.833984,328,
11,0.0,114144.84375,34414.1875,5854.366211,348,
11,0.0,109204.359375,69495.921875,6536.965332,341,
11,0.0,117944.03125,80435.125,2382.966797,277,
11,0.0,105808.164063,39791.496094,3152.012207,269,
11,0.0,180238.40625,49574.023438,7960.709473,199,
11,0.0,169151.546875,52293.445313,3026.678223,25,
11,0.0,173255.28125,40025.296875,749.641113,100,
11,0.0,187719.875,68979.101563,2831.203125,264,
11,0.0,101685.960938,84646.53125,6270.178711,146,
11,0.0,151736.8125,77694.171875,793.793945,65,
11,0.0,113372.695313,33371.332031,6453.198242,173,
11,0.0,187126.15625,51813.542969,5093.195313,339,
11,0.0,101292.203125,28357.017578,4126.644043,198,
11,0.0,101073.789063,92023.414063,3907.19458,245,
11,0.0,168530.140625,53723.90625,3159.443359,181,
11,0.0,158759.921875,70363.421875,1470.729492,37,
11,0.0,122496.90625,76826.65625,1467.731934,120,
11,0.0,107706.21875,26505.105469,7524.513184,66,
11,0.0,162562.1875,73938.046875,1628.78125,31,
11,0.0,107527.796875,55791.152344,885.691895,68,
12,0.0,192361.96875,97551.460938,4543.709473,154,
12,0.0,196714.890625,67819.351563,1010.983398,193,
12,0.0,166004.53125,51918.140625,1384.639648,84,
12,0.0,168542.4375,92807.859375,3440.51416,279,
12,0.0,102178.164063,80905.789063,7026.772949,343,
12,0.0,120414.265625,75110.109375,2273.592285,321,
12,0.0,198413.0,94561.328125,6425.863281,134,
12,0.0,119429.867188,1301.260376,3156.085938,246,
12,0.0,168348.640625,79401.492188,6047.628906,204,
12,0.0,112154.5,53071.738281,905.610352,10,
12,0.0,178964.84375,47472.933594,7158.59668,203,
12,0.0,165838.40625,44439.734375,715.007813,155,
12,0.0,123773.554688,20958.599609,6174.722656,170,
12,0.0,189082.671875,97416.109375,2600.299805,69,
12,0.0,105574.367188,27917.113281,6486.631348,224,
12,0.0,107174.023438,58716.683594,1835.683105,186,
12,0.0,115406.109375,7303.055176,2023.779297,87,
12,0.0,101187.609375,79306.132813,7339.522461,237,
12,0.0,178161.9375,64094.0,4764.60498,199,
12,0.0,116873.492188,20497.158203,7696.628418,86,
12,0.0,107820.039063,66619.609375,5663.643555,341,
12,0.0,105475.921875,92718.648438,1204.556152,267,
12,0.0,103125.65625,23339.628906,5096.704102,77,
13,0.0,169739.125,63131.128906,7080.644531,16,
13,0.0,103544.03125,93386.195313,1727.23584,299,
13,0.0,107072.507813,30008.972656,6124.668945,123,
13,0.0,154659.265625,91743.476563,733.513184,50,
13,0.0,114467.851563,41664.941406,2518.13623,200,
13,0.0,199775.78125,94179.875,5699.646973,74,
13,0.0,132405.5625,12889.553711,4989.74707,221,
13,0.0,199751.15625,43879.855469,1379.918945,318,
13,0.0,166988.9375,44492.03125,789.056152,305,
13,0.0,120540.398438,31707.070313,4636.574707,26,
13,0.0,124238.070313,27766.375,3579.978516,202,
13,0.0,197010.21875,95115.0625,6623.670898,122,
13,0.0,124859.476563,29095.322266,2448.460938,32,
13,0.0,102024.351563,37982.652344,2541.233398,116,
13,0.0,182256.4375,94275.242188,3217.433594,55,
13,0.0,176765.3125,41058.917969,1845.969727,293,
13,0.0,111834.5625,13357.145508,3175.733398,150,
13,0.0,126080.75,24933.134766,2991.36377,96,
13,0.0,167890.28125,61580.6875,5425.915039,344,
13,0.0,132894.6875,341.465485,5723.751953,183,
13,0.0,132568.59375,5940.269043,5374.333984,72,
13,0.0,126917.5,31184.107422,632.170898,348,
13,0.0,198862.125,20881.691406,1038.624512,135,
13,0.0,113283.484375,88430.335938,832.829102,279,
14,0.0,188178.25,94752.0625,3640.533691,158,
14,0.0,151459.9375,75325.445313,683.715332,121,
14,0.0,183951.46875,67065.671875,1750.861328,152,
14,0.0,104691.476563,34257.296875,2956.312988,172,
14,0.0,189162.65625,70009.65625,2940.394531,44,
14,0.0,174190.46875,39243.921875,805.056641,209,
14,0.0,201587.6875,23536.509766,893.341309,359,
14,0.0,182767.09375,64346.25,1301.63623,8,
14,0.0,133319.203125,218.414871,5282.301758,81,
14,0.0,122447.679688,3445.417725,4470.14502,174,
14,0.0,182056.484375,97222.304688,3105.715332,122,
14,0.0,197902.328125,70935.609375,1981.484863,308,
14,0.0,135380.296875,10849.989258,1774.542969,109,
14,0.0,111834.5625,35832.34375,4829.09082,318,
14,0.0,111176.242188,69966.585938,5493.055664,325,
14,0.0,185800.296875,97459.171875,1582.150391,66,
14,0.0,111865.328125,17011.75,3437.546875,336,
14,0.0,198465.28125,41981.796875,4147.557129,219,
14,0.0,172455.46875,41658.789063,814.245117,41,
14,0.0,113022.0,74242.59375,6059.683594,231,
14,0.0,117218.03125,82720.78125,1552.311035,90,
14,0.0,182434.875,58649.007813,3059.739258,170,
14,0.0,112877.421875,86409.226563,1328.92334,93,
14,0.0,109096.6875,59384.238281,2447.484375,2,
14,0.0,115000.039063,39317.75,3250.126953,354,
14,0.0,159981.203125,98000.601563,696.618652,236,
14,0.0,110161.078125,42597.050781,2398.256348,40,
15,0.0,157501.734375,97006.96875,628.847656,214,
15,0.0,180976.71875,64420.078125,1918.041504,316,
15,0.0,107167.867188,59055.074219,1991.880371,196,
15,0.0,104408.460938,68874.515625,6986.676758,299,
15,0.0,107921.554688,84880.320313,2884.952637,171,
15,0.0,188199.78125,61974.449219,1072.60498,299,
15,0.0,159058.3125,60061.011719,644.960938,119,
15,0.0,198963.640625,39068.574219,5650.850586,152,
15,0.0,108244.5625,14892.203125,2556.647949,146,
15,0.0,190999.1875,43270.753906,7450.87793,333,
15,0.0,118088.609375,55794.230469,983.599121,339,
15,0.0,112172.953125,83492.929688,2557.873535,82,
15,0.0,105722.023438,14541.507813,776.712402,69,
15,0.0,158350.78125,60910.058594,598.866211,220,
15,0.0,134048.28125,1510.446533,4216.846191,187,
15,0.0,183816.109375,28393.931641,765.189453,0,
15,0.0,117621.023438,82114.757813,1735.483887,10,
15,0.0,186147.921875,92244.90625,3127.489258,326,
15,0.0,131698.015625,224.567398,6760.90332,168,
15,0.0,127781.921875,14092.373047,7346.366211,154,
15,0.0,186664.71875,93435.421875,3239.533691,253,
15,0.0,129098.5625,27400.298828,919.263672,93,
15,0.0,107306.304688,56664.816406,1189.463379,308,
16,0.0,188289.0,100455.453125,1175.029785,314,
16,0.0,110760.945313,80761.203125,3868.459961,298,
16,0.0,188679.6875,26794.273438,967.494629,10,
16,0.0,120783.421875,35884.640625,2503.900391,104,
16,0.0,182348.71875,52179.621094,6936.799805,221,
16,0.0,184016.0625,58135.269531,1733.672852,241,
16,0.0,189897.890625,65361.417969,1183.855957,77,
16,0.0,161460.875,47103.78125,507.21875,273,
16,0.0,119045.328125,58058.363281,1131.159668,32,
16,0.0,104540.742188,59448.835938,1546.119629,146,
16,0.0,105149.84375,20254.134766,3496.601074,65,
16,0.0,115778.335938,55508.140625,1019.640137,284,
16,0.0,178198.84375,51238.28125,7886.197266,331,
16,0.0,110111.859375,43107.710938,1940.057129,183,
16,0.0,119922.0625,33279.042969,4173.725098,190,
16,0.0,195985.8125,41431.148438,5563.828125,155,
16,0.0,166758.21875,58332.148438,3395.01123,270,
16,0.0,137490.625,11865.157227,909.211426,216,
16,0.0,106854.09375,31519.417969,5011.556641,309,
16,0.0,162663.703125,60236.359375,1212.835449,26,
16,0.0,184748.21875,88762.570313,5265.875,70,
17,0.0,127735.78125,26532.792969,1622.678711,110,
17,0.0,152632.0,98683.53125,474.424316,274,
17,0.0,158283.09375,83757.484375,1187.911133,41,
17,0.0,111314.671875,32294.636719,6406.579102,280,
17,0.0,153031.90625,83172.992188,509.995117,9,
17,0.0,158461.53125,67265.632813,1000.158203,42,
17,0.0,167213.5,42092.546875,558.023438,183,
17,0.0,183733.046875,61765.265625,1451.545898,195,
17,0.0,168234.828125,81967.101563,4427.522949,216,
17,0.0,176340.78125,98092.882813,2776.786621,175,
17,0.0,116092.117188,84015.898438,1508.141602,311,
17,0.0,159421.3125,51124.460938,544.069824,96,
17,0.0,181619.65625,63060.371094,2163.375977,72,
17,0.0,186910.828125,24825.464844,538.584473,199,
17,0.0,171052.6875,48408.117188,2773.703613,6,
17,0.0,125748.515625,16076.56543,6788.827148,9,
17,0.0,115301.515625,40874.34375,2698.651855,141,
17,0.0,199437.375,18113.052734,1041.094727,61,
17,0.0,171046.53125,39348.515625,614.769043,60,
17,0.0,181816.53125,74094.9375,7824.655762,242,
17,0.0,174830.34375,35435.503906,637.746094,48,
17,0.0,169499.15625,47952.832031,1892.775879,7,
18,0.0,168191.75,88737.960938,3901.181641,9,
18,0.0,118245.5,63478.742188,1106.016602,28,
18,0.0,124271.90625,3537.705811,6584.260742,316,
18,0.0,132353.265625,4857.423828,5487.604492,209,
18,0.0,191534.46875,73599.65625,5657.573242,43,
18,0.0,105728.179688,25920.615234,6694.568359,294,
18,0.0,188461.265625,45780.988281,7987.901855,127,
18,0.0,191469.859375,64770.777344,864.226074,46,
18,0.0,188338.21875,46033.242188,7998.171875,345,
18,0.0,179577.015625,49915.488281,7928.124512,319,
18,0.0,183720.75,27151.123047,653.931641,174,
18,0.0,127378.9375,21958.384766,2176.23584,18,
18,0.0,200474.09375,37164.367188,5875.09082,46,
18,0.0,103362.53125,62725.0625,2899.547363,205,
18,0.0,185098.90625,60673.1875,762.077148,253,
18,0.0,123127.539063,21641.529297,6750.734863,266,
18,0.0,186049.46875,92847.851563,2883.314453,133,
18,0.0,182361.03125,62368.214844,1663.574707,274,
18,0.0,119042.257813,30061.267578,7157.275879,173,
18,0.0,169649.90625,98871.179688,982.261719,204,
18,0.0,157750.90625,58692.074219,615.071289,355,
18,0.0,175639.390625,88574.921875,4105.148438,247,
18,0.0,110250.289063,78257.125,5749.723633,243,
19,0.0,190337.78125,48814.183594,5322.696289,82,
19,0.0,168431.703125,90666.78125,3811.935059,33,
19,0.0,200271.0625,90574.492188,6598.146973,139,
19,0.0,184360.59375,56286.433594,3070.458984,193,
19,0.0,190848.4375,72067.679688,3038.971191,132,
19,0.0,105571.289063,58772.058594,1578.244141,58,
19,0.0,124545.695313,40797.433594,741.225586,132,
19,0.0,178131.171875,44452.042969,4243.834473,258,
19,0.0,186981.59375,54191.496094,2665.687988,136,
19,0.0,125856.1875,23834.90625,3581.489746,97,
19,0.0,123718.179688,34140.398438,1224.029297,8,
19,0.0,169139.25,72009.226563,7838.337891,242,
19,0.0,199418.9375,27209.570313,1446.801758,50,
19,0.0,158246.1875,76239.09375,1528.820313,9,
19,0.0,200267.96875,91100.539063,6338.77832,233,
19,0.0,162106.90625,74408.71875,1511.181152,101,
19,0.0,155920.53125,96437.859375,540.063477,241,
19,0.0,108410.679688,69222.132813,6780.229004,204,
19,0.0,133626.828125,11136.082031,4088.798096,8,
19,0.0,157501.734375,81973.25,1117.848633,68,
19,0.0,115664.515625,43753.726563,944.841309,276,
19,0.0,111945.3125,81668.703125,3266.745605,265,
19,0.0,174864.171875,94026.0625,3745.603027,197,
19,0.0,118583.890625,4983.550293,2719.083008,125,
19,0.0,166629.0,51053.703125,1440.483887,107,
19,0.0,185332.703125,71132.492188,2582.641602,119,
19,0.0,115138.476563,4411.364746,885.116699,183,
20,0.0,103842.429688,43523.007813,1159.393555,97,
20,0.0,163921.90625,56720.1875,1310.211426,243,
20,0.0,118642.34375,78964.664063,2348.83252,83,
20,0.0,183825.34375,36835.207031,2506.863281,298,
20,0.0,179570.859375,46531.597656,7213.655762,152,
20,0.0,170560.46875,80533.5625,7503.236816,203,
20,0.0,134946.546875,8545.866211,2800.143555,352,
20,0.0,113415.765625,10247.041016,2209.193848,193,
20,0.0,157486.34375,73575.046875,1423.943359,250,
20,0.0,119063.789063,30811.876953,6742.607422,121,
20,0.0,122469.21875,70049.648438,1007.891602,335,
20,0.0,187319.96875,25456.099609,707.984863,216,
20,0.0,181142.84375,49743.214844,7890.51709,73,
20,0.0,186996.96875,35398.589844,3465.220215,316,
20,0.0,106109.632813,16144.242188,2016.714844,38,
20,0.0,117645.632813,6583.208984,3034.523926,22,
20,0.0,122546.125,29479.853516,4309.240723,352,
20,0.0,137795.171875,5823.371094,1157.712402,276,
20,0.0,114061.78125,15356.71875,3969.026123,214,
20,0.0,101547.53125,22681.308594,3501.366699,209,
20,0.0,107909.25,87590.515625,1498.036133,92,
20,0.0,182099.5625,32380.773438,1050.427734,126,
21,0.0,194229.28125,29827.472656,2244.711426,355,
21,0.0,139607.09375,10776.15918,802.623535,48,
21,0.0,105845.078125,56950.90625,973.527344,263,
21,0.0,180373.765625,41864.898438,4678.959961,256,
21,0.0,105725.101563,66222.773438,5357.079102,205,
21,0.0,128347.960938,21616.919922,1122.258789,53,
21,0.0,184268.3125,92146.460938,2201.094727,136,
21,0.0,108496.820313,78167.914063,6302.550781,292,
21,0.0,103371.757813,91254.351563,2938.04541,19,
21,0.0,181927.28125,36382.996094,1608.929199,218,
21,0.0,140228.5,9884.041992,774.040039,260,
21,0.0,102565.773438,27348.003906,5112.555664,175,
21,0.0,132122.53125,16175.005859,2226.575195,209,
21,0.0,159196.75,73458.148438,1415.34082,323,
21,0.0,165355.4375,44538.175781,679.087891,222,
21,0.0,188784.28125,93410.804688,4175.76123,336,
21,0.0,176396.15625,42778.554688,2325.392578,358,
21,0.0,190833.0625,73667.335938,5396.591797,155,
21,0.0,186372.484375,34518.777344,2464.742188,156,
21,0.0,104390.0,33666.652344,2908.963379,200,
21,0.0,192386.59375,51582.824219,500.28125,20,
21,0.0,190590.046875,25760.650391,886.085938,20,
21,0.0,188387.4375,50447.679688,5591.05957,148,
21,0.0,169757.5625,85169.492188,3703.718262,83,
21,0.0,106358.8125,37355.09375,3617.175293,334,
21,0.0,167084.296875,50970.648438,1644.236816,345,
22,0.0,193189.484375,20374.107422,492.87207,196,
22,0.0,187836.78125,48014.355469,7251.513184,303,
22,0.0,160393.421875,89537.789063,1828.270996,121,
22,0.0,188575.09375,87756.632813,7260.355957,355,
22,0.0,119826.703125,56461.78125,835.748535,38,
22,0.0,176119.296875,57821.492188,7526.816406,127,
22,0.0,180035.375,59953.347656,4615.476074,353,
22,0.0,184788.21875,61823.710938,1175.576172,313,
22,0.0,138293.53125,13470.967773,691.947754,116,
22,0.0,174808.8125,34488.015625,508.127441,303,
22,0.0,186880.0625,97043.882813,1549.882813,215,
22,0.0,178992.53125,44744.285156,5827.989258,34,
22,0.0,115707.585938,81871.734375,2250.064453,329,
22,0.0,178091.1875,38259.519531,1200.599121,111,
22,0.0,190639.265625,65859.773438,1819.822266,158,
22,0.0,162805.21875,52853.320313,921.750488,35,
22,0.0,118937.664063,64481.609375,893.352539,295,
22,0.0,129686.132813,27729.460938,651.629883,135,
22,0.0,162534.5,59734.925781,1085.744629,122,
22,0.0,162565.265625,66244.304688,1505.229004,92,
22,0.0,116947.320313,54920.574219,978.08252,242,
22,0.0,114597.054688,42187.910156,2196.280762,319,
22,0.0,162060.75,56452.554688,857.663574,10,
22,0.0,179816.96875,46396.238281,7420.280273,81,
22,0.0,123256.742188,6512.455078,6616.353516,29,
22,0.0,162276.09375,89796.195313,2558.706055,217,
22,0.0,197296.3125,26966.544922,964.63623,203,
23,0.0,119835.9375,70520.3125,2076.270996,311,
23,1.0,140776.078125,9318.008789,723.433105,85,
23,1.0,118700.789063,6567.827637,3245.72168,55,
23,0.0,164026.484375,71566.25,2509.358398,244,
23,1.0,161377.828125,50475.367188,740.931152,32,
23,0.0,117138.046875,35352.445313,4599.813965,75,
23,0.0,181358.171875,97302.28125,3137.700195,331,
23,0.0,185544.96875,56467.933594,1898.710938,26,
23,1.0,163509.6875,76789.742188,1861.478027,11,
23,1.0,160251.90625,84114.335938,1736.475098,33,
23,0.0,168917.75,45805.597656,988.171387,76,
23,1.0,169874.46875,63288.011719,7231.144043,286,
23,1.0,114615.507813,84397.351563,1708.723633,283,
23,1.0,172421.625,91620.421875,4029.382324,240,
23,1.0,104553.046875,25126.9375,6231.563477,292,
23,0.0,175396.375,39597.691406,1020.624512,327,
23,1.0,115227.6875,1728.861328,796.797852,101,
23,0.0,183502.328125,60347.109375,1510.651855,201,
23,1.0,195435.15625,91946.507813,6744.885742,137,
23,1.0,178494.171875,67711.6875,3804.918945,183,
23,0.0,119949.75,63761.761719,652.187012,193,
24,0.0,139364.0625,8450.501953,906.036133,54,
24,1.0,195161.375,25102.328125,880.633301,297,
24,1.0,110570.21875,39816.105469,3655.773438,29,
24,0.0,102387.351563,80287.460938,7329.228027,100,
24,1.0,196628.75,69637.429688,1710.48291,126,
24,0.0,128111.085938,17430.121094,4434.79248,256,
24,0.0,110158.0,21490.792969,6440.861328,255,
24,1.0,192165.09375,92650.976563,4987.185547,334,
24,0.0,188187.484375,97991.367188,1833.762207,38,
24,0.0,165690.75,42806.238281,487.783691,201,
24,1.0,173710.5625,92189.53125,3999.621582,341,
24,1.0,199400.46875,93866.101563,6195.057617,184,
24,0.0,115187.695313,67053.367188,1891.042969,344,
24,1.0,191568.296875,50964.496094,1682.860352,72,
24,0.0,103910.101563,58276.777344,1013.95166,279,
24,0.0,122398.460938,65229.136719,494.306152,323,
24,0.0,167917.96875,49057.207031,1505.133789,175,
24,1.0,126108.4375,4439.051758,7762.600586,268,
24,0.0,179041.75,96822.390625,3154.833008,331,
24,1.0,108681.390625,21863.019531,6201.00293,20,
24,0.0,104912.96875,31174.878906,4517.702148,300,
24,0.0,185018.9375,96096.390625,1578.612793,123,
24,0.0,109182.828125,14178.508789,2504.072266,200,
24,1.0,115658.367188,80269.007813,3001.159668,87,
24,0.0,200738.65625,34577.226563,6745.879395,328,
24,0.0,118639.265625,56526.382813,994.962891,343,
24,0.0,168966.96875,71560.09375,7642.461426,133,
25,1.0,107660.070313,54265.332031,490.384277,307,
25,0.0,131750.3125,2507.156738,6637.956543,270,
25,1.0,114015.640625,42732.40625,1849.745117,15,
25,0.0,183942.234375,59350.390625,1394.898926,33,
25,1.0,165844.5625,72246.101563,4529.932129,107,
25,1.0,186538.59375,99464.898438,1687.02832,131,
25,0.0,160996.375,92349.5,2178.004395,93,
25,1.0,103479.429688,88095.023438,4726.098145,358,
25,0.0,119469.859375,80859.648438,1727.636719,56,
25,0.0,119368.34375,32971.417969,4753.805664,288,
25,1.0,159165.984375,98489.726563,585.574219,90,
25,0.0,184483.65625,56913.992188,2350.12207,148,
25,0.0,101196.835938,86037.0,6438.169922,192,
25,0.0,127403.546875,29575.216797,1033.739746,296,
25,1.0,103768.59375,91232.8125,2696.412598,338,
25,1.0,114397.09375,73833.453125,4397.36084,282,
25,1.0,163792.6875,58384.449219,1412.476563,56,
25,1.0,168856.21875,46857.679688,1235.394043,282,
25,0.0,183579.234375,88587.226563,5335.921387,293,
25,0.0,132205.59375,9576.415039,6651.992188,344,
25,1.0,188556.625,91826.53125,4848.935059,112,
25,0.0,120623.453125,28556.974609,6778.273438,29,
25,0.0,162639.09375,71289.382813,1680.342285,228,
25,1.0,118805.382813,35490.878906,3761.052734,211,
25,1.0,185975.65625,36121.511719,3678.135254,356,
26,0.0,200578.6875,30993.376953,5145.895508,128,
26,1.0,116602.78125,69511.296875,2047.726074,63,
26,1.0,168923.90625,92383.335938,3513.252441,182,
26,1.0,160073.484375,92097.242188,1956.381836,93,
26,0.0,131614.953125,10883.828125,7206.767578,131,
26,1.0,194007.78125,44070.585938,5413.541992,196,
26,0.0,115489.171875,4512.881836,1180.827148,64,
26,1.0,189051.90625,97357.65625,2616.492188,310,
26,0.0,195564.375,97560.695313,5197.571289,26,
26,1.0,159507.453125,79186.15625,1704.001465,261,
26,0.0,177734.328125,96597.820313,3125.898926,259,
26,0.0,201193.9375,91008.242188,5982.984375,104,
26,1.0,170855.8125,42726.253906,847.679199,137,
26,1.0,180152.28125,94702.84375,3512.405762,115,
26,1.0,161851.5625,65272.210938,1299.147949,21,
26,0.0,123561.289063,24905.447266,5115.630859,244,
26,1.0,111111.640625,68779.148438,4720.916504,213,
26,0.0,114341.71875,78457.078125,3864.251465,127,
26,0.0,180555.265625,68920.65625,3109.534668,55,
26,1.0,120838.796875,85080.28125,792.421875,28,
26,0.0,105057.554688,33432.855469,3257.114746,88,
26,1.0,112043.75,67317.921875,3811.38916,123,
26,0.0,121933.945313,1058.235474,4486.487793,324,
26,0.0,180146.125,50226.191406,7906.465332,209,
27,1.0,158473.828125,53403.972656,574.728516,359,
27,0.0,188307.453125,49589.40625,6280.068359,344,
27,0.0,192131.25,91269.734375,6020.848633,268,
27,1.0,105076.007813,18562.1875,2217.62207,130,
27,0.0,176439.21875,88494.9375,4308.725586,271,
27,0.0,168973.125,56031.105469,4325.507324,65,
27,0.0,120177.398438,13409.441406,6405.866211,115,
27,1.0,177309.8125,33149.839844,643.875,292,
27,1.0,108730.609375,75103.953125,7389.208008,63,
27,0.0,168831.625,72409.148438,7574.494141,131,
27,0.0,189288.78125,43249.21875,7774.633789,25,
27,0.0,179638.53125,95250.414063,3439.401855,163,
27,0.0,178383.421875,33466.695313,758.406738,88,
27,0.0,168179.4375,66767.273438,6594.28125,293,
27,0.0,112852.8125,16861.013672,3458.591309,10,
27,0.0,163783.46875,53348.601563,976.911133,257,
27,1.0,156649.609375,76891.265625,1324.274414,142,
27,1.0,184852.8125,58649.007813,995.852051,318,
27,0.0,107906.171875,28037.085938,7357.874023,304,
27,1.0,102701.132813,38484.085938,2667.31543,295,
27,1.0,129073.953125,27264.943359,948.335449,126,
27,0.0,165115.484375,93484.640625,2977.385254,24,
27,1.0,117980.945313,71141.71875,2346.285156,231,
28,1.0,173679.8125,46260.882813,2811.517578,73,
28,1.0,185489.59375,96400.945313,1388.680176,68,
28,1.0,103079.515625,42867.761719,1519.782227,285,
28,1.0,110170.304688,42741.636719,2271.987793,271,
28,0.0,122127.75,14913.736328,7193.998047,39,
28,0.0,110151.84375,30350.4375,7233.318359,56,
28,0.0,107130.953125,29415.253906,6525.717285,81,
28,1.0,109758.085938,87452.078125,932.625977,87,
28,1.0,115301.515625,36481.4375,4323.72998,195,
28,1.0,184591.328125,28744.626953,891.547852,13,
28,0.0,176494.59375,56000.339844,7625.023926,205,
28,1.0,122090.835938,75765.351563,1690.648438,288,
28,1.0,194241.578125,36681.394531,6437.146484,171,
28,0.0,111406.960938,59990.261719,2356.432129,147,
28,0.0,105878.914063,89125.570313,2448.36377,79,
28,0.0,154016.3125,83575.984375,563.331055,154,
28,0.0,155594.4375,87082.929688,772.505859,121,
28,1.0,116141.335938,69206.75,2002.441895,179,
28,0.0,123139.84375,1858.064575,5376.764648,282,
28,1.0,113818.757813,81271.867188,3111.134766,295,
28,0.0,120158.9375,31048.748047,5505.010742,308,
28,0.0,101495.234375,70412.648438,5824.473633,307,
28,1.0,191958.984375,23619.568359,824.480957,324,
29,1.0,102784.1875,25010.041016,5282.5,159,
29,1.0,164072.625,49807.820313,902.823242,102,
29,1.0,167225.8125,52776.414063,2211.542969,240,
29,1.0,163721.9375,78229.4375,1743.765137,305,
29,1.0,117273.40625,53502.414063,858.817383,67,
29,1.0,155403.71875,72836.742188,1157.552734,3,
29,0.0,127188.203125,31104.123047,577.289063,196,
29,1.0,180370.6875,58815.125,4749.777832,121,
29,1.0,113261.953125,59805.683594,2025.312988,221,
29,1.0,191479.09375,23281.179688,779.640137,8,
29,0.0,156935.6875,86043.15625,1104.267578,183,
29,0.0,118436.234375,35860.027344,3727.885742,336,
29,1.0,195290.578125,30928.775391,3875.52002,235,
29,0.0,121023.375,27981.712891,6810.50293,170,
29,0.0,115606.070313,2384.105957,1177.588867,25,
29,1.0,168056.40625,58135.269531,4382.880859,273,
29,0.0,192325.0625,41348.085938,7098.666504,118,
29,1.0,102722.664063,69342.101563,6543.750977,177,
29,0.0,118350.09375,41668.019531,1994.84082,33,
29,0.0,177266.734375,89553.171875,3872.897461,96,
29,1.0,173972.0625,90780.601563,3966.092285,154,
29,1.0,109456.609375,40459.046875,3486.15332,100,
29,1.0,126117.664063,5411.151367,7650.548828,79,
29,1.0,159396.71875,61257.679688,717.84668,35,
30,0.0,109256.65625,43929.074219,1202.962402,77,
30,0.0,129141.640625,17313.224609,3943.360352,322,
30,1.0,181299.71875,30015.125,738.216797,318,
30,1.0,108038.453125,18285.324219,3442.916016,199,
30,0.0,131433.453125,1544.2854,7108.151855,150,
30,1.0,179183.25,100427.773438,2660.309082,286,
30,0.0,110136.46875,88562.617188,741.893555,79,
30,0.0,131894.890625,13575.561523,5126.666016,299,
30,0.0,196253.453125,92770.945313,7169.427734,176,
30,0.0,161710.0625,47448.324219,584.256348,104,
30,0.0,122493.828125,34134.246094,1839.672363,259,
30,0.0,110717.882813,12975.689453,2484.047363,239,
30,0.0,169597.59375,41437.300781,709.272461,106,
30,1.0,182804.015625,59045.84375,2426.175293,203,
30,1.0,183551.546875,93826.109375,2444.799316,191,
30,1.0,175971.625,40659.003906,1514.194336,133,
30,0.0,101692.117188,100101.6875,1637.620117,73,
30,0.0,173064.5625,100609.273438,1656.268555,33,
30,0.0,184926.640625,68277.71875,2178.818848,191,
30,0.0,179681.609375,64749.242188,2819.000488,202,
30,1.0,178177.3125,43129.246094,3397.79248,93,
30,0.0,165632.296875,88159.625,3651.04834,61,
30,1.0,107269.390625,37908.824219,3745.243652,81,
30,1.0,116187.484375,67462.507813,1316.312012,183,
30,0.0,124268.828125,18860.585938,6487.220703,198,
30,0.0,193444.8125,98865.03125,4211.26123,160,
30,0.0,158156.96875,85111.039063,1261.044922,133,
30,1.0,110133.390625,35776.96875,4522.154785,275,
31,0.0,191239.125,99372.617188,2793.649414,279,
31,1.0,183287.0,60657.808594,1653.82959,301,
31,0.0,111090.109375,20106.472656,5472.84668,235,
31,0.0,193118.734375,97674.515625,4878.136719,122,
31,1.0,183173.15625,87273.65625,6253.538086,71,
31,0.0,102067.421875,30110.490234,3753.924805,271,
31,0.0,119294.507813,28726.169922,7534.952148,261,
31,1.0,135571.03125,1525.827759,2433.287598,259,
31,1.0,108739.84375,54609.867188,761.329102,69,
31,1.0,172670.796875,98329.757813,2372.968262,100,
31,0.0,115799.875,10840.759766,3747.321289,182,
31,0.0,172883.0625,55040.550781,6790.509277,314,
31,0.0,193109.5,74282.585938,7592.365234,242,
31,0.0,115775.265625,4617.474609,1413.551758,228,
31,1.0,126834.4375,22592.095703,2770.832031,50,
31,0.0,183240.84375,69575.898438,2016.527832,9,
31,1.0,177168.296875,63438.75,6263.649414,305,
31,1.0,163826.53125,71089.421875,2307.328125,254,
31,0.0,115812.179688,14436.915039,4199.794434,280,
31,0.0,120798.804688,28495.449219,6652.011719,235,
31,0.0,126074.601563,31783.978516,716.702148,107,
31,1.0,106254.21875,20367.955078,4054.539307,63,
31,0.0,190159.375,26471.267578,927.401855,292,
32,1.0,108382.992188,36918.265625,4125.183105,198,
32,1.0,121164.875,6832.386719,4436.359375,64,
32,1.0,163841.90625,52222.6875,941.353027,349,
32,1.0,169142.3125,67151.804688,7417.972168,13,
32,1.0,181112.0625,30319.675781,752.441895,55,
32,1.0,104313.09375,69363.640625,7186.993164,152,
32,1.0,169416.109375,60242.511719,5941.27832,271,
32,0.0,165229.3125,62242.085938,3145.531738,244,
32,1.0,168800.84375,75254.6875,7558.605957,298,
32,0.0,116381.289063,50878.355469,489.18457,234,
32,1.0,113701.859375,33891.21875,6112.672852,80,
32,1.0,189134.96875,92838.625,4354.241211,137,
32,1.0,167951.8125,58467.507813,4428.716309,160,
32,0.0,131258.109375,10714.633789,7672.216309,82,
32,0.0,199889.59375,43913.691406,1241.959473,88,
32,0.0,125234.78125,1242.811401,7114.195313,77,
32,0.0,161528.5625,98978.851563,673.642578,262,
32,0.0,123527.453125,16968.681641,6838.521973,359,
32,0.0,103221.023438,16513.394531,606.463379,231,
32,0.0,159378.25,69243.664063,1282.554199,59,
32,1.0,160467.25,89974.617188,1954.01123,56,
32,0.0,116670.453125,68102.375,1534.90332,170,
32,0.0,177540.53125,53314.761719,7699.812012,108,
32,1.0,160368.8125,60580.902344,816.058594,149,
33,0.0,192312.75,44172.101563,6372.27832,148,
33,1.0,192789.5625,64260.113281,519.456543,81,
33,0.0,120688.0625,9862.507813,6606.255371,112,
33,0.0,107417.046875,15292.117188,2387.424805,75,
33,0.0,162839.046875,51358.257813,886.764648,279,
33,1.0,169499.15625,89627.0,3843.108398,116,
33,0.0,154800.765625,95613.421875,536.616211,18,
33,1.0,102018.203125,65948.984375,3343.757324,236,
33,1.0,138831.875,3174.706299,702.913574,186,
33,0.0,189141.125,32353.087891,2204.717773,94,
33,1.0,190679.25,52779.492188,843.353516,300,
33,1.0,119639.054688,17639.306641,6051.948242,273,
33,1.0,112099.125,33598.972656,5970.095703,51,
33,1.0,195515.15625,66825.71875,1795.947754,145,
33,0.0,104839.140625,86224.65625,4079.881592,122,
33,1.0,167822.59375,94708.992188,2799.774414,235,
33,0.0,180662.9375,43061.566406,6205.102539,147,
33,0.0,169068.5,68551.507813,7572.741699,22,
33,1.0,118488.53125,89239.390625,485.76123,137,
33,1.0,126917.5,15842.768555,6307.246094,303,
33,1.0,102488.867188,20684.810547,2255.655762,41,
33,1.0,168874.6875,65201.453125,7056.861328,93,
33,1.0,189501.046875,45018.070313,7510.429199,161,
34,1.0,201356.96875,95244.265625,3991.821533,324,
34,1.0,178226.53125,71190.945313,6239.791992,266,
34,0.0,155406.796875,94290.625,655.205078,72,
34,0.0,162371.46875,83388.335938,1714.858887,108,
34,0.0,191663.65625,90186.882813,6897.688477,341,
34,1.0,173406.03125,99418.757813,2264.573242,174,
34,1.0,179457.03125,73762.703125,7899.957031,154,
34,1.0,199052.84375,91915.742188,7007.373535,79,
34,0.0,176746.84375,40831.277344,1784.543945,92,
34,0.0,103679.382813,20767.871094,3284.26416,178,
34,0.0,104626.875,42289.425781,2046.509277,279,
34,1.0,193395.59375,33921.984375,6983.679688,317,
34,0.0,198652.9375,26462.039063,951.652344,304,
34,0.0,125062.507813,27058.833984,3106.349609,286,
34,1.0,106208.078125,87713.570313,2561.124023,15,
34,1.0,160347.28125,52677.976563,734.516602,3,
34,1.0,201310.84375,72095.359375,3841.657227,23,
34,0.0,139213.328125,4469.813965,796.476074,12,
34,0.0,131390.390625,3525.400391,6795.232422,93,
34,1.0,107537.023438,64973.808594,4532.41748,37,
34,1.0,120343.515625,57443.113281,840.911621,94,
34,1.0,108832.132813,86055.460938,1704.335449,40,
34,0.0,201535.40625,18897.5,1053.054688,28,
34,1.0,194284.640625,65785.945313,1766.643555,141,
34,0.0,103676.3125,20807.861328,3329.64502,224,
34,0.0,120543.46875,1910.360962,3500.932129,220,
34,1.0,182576.375,74088.78125,7554.953125,203,
34,0.0,119180.6875,76276.007813,2403.128906,153,
34,1.0,182536.375,28347.789063,677.887695,47,
35,0.0,102239.695313,72962.875,7453.512695,219,
35,1.0,190168.59375,88861.007813,7791.515137,123,
35,1.0,152127.5,80801.195313,608.429199,305,
35,1.0,181428.9375,31057.980469,845.092773,207,
35,0.0,102064.34375,77524.976563,7690.963379,221,
35,0.0,105383.632813,21444.648438,4742.855957,247,
35,1.0,119568.296875,9708.694336,5026.96875,331,
35,0.0,124401.109375,20534.074219,5727.631836,165,
35,0.0,168585.515625,55791.152344,3951.680176,228,
35,0.0,121140.265625,66782.648438,814.543945,230,
35,1.0,169816.03125,90777.523438,3751.910645,69,
35,0.0,193001.84375,71212.476563,3252.578125,242,
35,1.0,111585.390625,40714.378906,3355.762207,15,
35,0.0,132085.625,3150.096191,6120.0,15,
35,1.0,165358.515625,96117.921875,2023.518555,189,
35,1.0,120497.328125,11775.945313,7105.353027,207,
35,0.0,166629.0,97059.257813,1715.44043,329,
35,0.0,110560.992188,81514.890625,3678.93457,293,
35,1.0,121272.546875,8065.96875,5805.669922,54,
35,1.0,170145.1875,42637.042969,828.518066,283,
35,1.0,166589.015625,59467.292969,3693.671387,92,
35,1.0,194819.90625,90239.179688,7650.459473,163,
35,1.0,166004.53125,65948.984375,4593.29541,347,
35,1.0,167573.421875,98015.976563,1436.963867,297,
35,0.0,158412.3125,70926.382813,1459.111328,295,
35,0.0,116695.0625,13600.170898,4313.755371,243,
36,1.0,197957.6875,96976.203125,4971.676758,183,
36,1.0,156446.578125,95373.460938,676.32666,256,
36,0.0,165020.125,91737.320313,3261.348633,164,
36,1.0,106663.359375,83754.40625,4120.013184,31,
36,1.0,161959.25,64238.578125,1329.574219,303,
36,1.0,157224.875,97569.921875,570.656738,302,
36,0.0,115498.398438,54975.945313,996.38623,217,
36,0.0,184597.484375,58522.878906,1179.643066,49,
36,1.0,116292.078125,18356.078125,5939.151367,43,
36,1.0,136835.375,8453.579102,1365.267578,246,
36,1.0,192238.921875,98317.453125,4267.240723,319,
36,0.0,201452.34375,70686.4375,2080.055176,292,
36,0.0,111849.945313,34198.84375,5740.356445,138,
36,1.0,176509.96875,60651.65625,7024.018066,191,
36,1.0,122450.757813,83449.859375,549.44043,104,
36,0.0,156609.609375,82283.953125,920.140625,46,
36,0.0,188587.40625,71120.1875,2730.027344,229,
36,0.0,161891.5625,64653.875,1309.359863,231,
36,1.0,155963.59375,97249.992188,535.606934,344,
36,0.0,114012.5625,73947.28125,4925.978027,317,
36,0.0,100913.820313,84298.90625,6429.22168,200,
36,1.0,194847.59375,97050.03125,5694.249023,348,
36,0.0,189728.6875,69717.40625,3054.310059,49,
36,1.0,112615.9375,68803.757813,3883.043945,305,
36,1.0,169188.46875,77798.757813,7501.834961,339,
36,1.0,183936.078125,41458.832031,7998.152344,80,
36,0.0,178109.625,33598.972656,737.164063,293,
36,1.0,198815.96875,23398.076172,920.05957,40,
