0,0.0,-12560.390625,76546.71875,1189.266113,111,
0,1.0,-47826.703125,94908.953125,3724.49707,307,
0,0.0,-69981.96875,80588.929688,803.922852,344,
0,1.0,-100470.835938,16448.792969,4009.746826,10,
0,0.0,-96016.40625,46270.113281,5444.963867,26,
0,2.0,-74094.9375,59359.628906,1919.29834,34,
0,2.0,-24370.179688,95351.929688,1209.851563,88,
0,0.0,-84603.460938,88411.875,871.496582,262,
0,2.0,-7392.265625,72338.382813,1054.977539,269,
0,1.0,-41369.621094,80327.453125,667.524414,240,
0,1.0,-55695.792969,71929.242188,1608.666992,257,
0,1.0,-70674.125,61780.644531,1397.685059,283,
0,2.0,-47795.941406,80545.867188,994.558594,305,
0,2.0,-81604.101563,19841.914063,7292.327148,128,
0,2.0,-91931.125,51472.074219,7069.774414,154,
0,1.0,-65918.21875,21490.792969,1243.614258,153,
0,2.0,-81173.421875,95868.75,1188.790039,311,
0,2.0,-61334.585938,13729.374023,1514.26123,230,
0,1.0,-89854.648438,73147.453125,3048.318359,347,
0,0.0,-82382.398438,53788.503906,2729.897461,331,
0,1.0,-67684.0,72329.15625,1554.731445,227,
0,1.0,-70883.3125,73384.320313,1370.194824,154,
0,1.0,-12037.429688,76337.539063,1192.618164,267,
0,2.0,-7835.25,100129.375,2827.615234,105,
0,2.0,-47568.300781,95841.0625,3945.934326,96,
0,0.0,-71086.34375,65096.863281,2186.660645,100,
0,0.0,-75042.421875,71926.164063,2431.825684,256,
0,2.0,-15350.5625,33106.769531,793.915527,167,
0,2.0,-86926.039063,78450.929688,1112.619629,124,
0,1.0,-67077.96875,62017.515625,875.873047,324,
0,1.0,-8515.101563,76925.101563,1222.754883,180,
0,1.0,-63020.378906,43833.710938,1806.176758,274,
0,2.0,-70640.289063,89356.289063,791.431152,287,
0,1.0,-71664.6875,98382.054688,1503.469727,358,
0,0.0,-21601.539063,87919.679688,669.797363,70,
0,2.0,-5189.65625,38963.984375,935.063477,216,
0,1.0,-59030.464844,6226.361816,2391.068848,258,
0,0.0,-21635.375,84148.171875,942.147461,2,
0,1.0,-3202.390625,77472.679688,782.048828,140,
0,0.0,-73636.570313,99101.898438,1466.644531,68,
0,0.0,-53360.90625,87042.9375,1720.72168,348,
0,0.0,-93890.703125,52659.515625,5826.770508,47,
0,0.0,-17999.226563,78826.234375,951.318359,248,
0,0.0,-22770.523438,76076.046875,647.905273,38,
0,2.0,-96287.117188,58855.117188,5581.720703,336,
0,2.0,-92494.078125,95204.273438,923.209961,44,
0,1.0,-62620.464844,94822.820313,1081.526367,286,
0,2.0,-79579.921875,72221.492188,2805.785645,152,
0,0.0,-44621.238281,91620.421875,1351.623047,144,
0,2.0,-59744.15625,63146.507813,750.957031,335,
0,0.0,-45661.011719,3900.705078,1376.901367,141,
0,0.0,-24563.984375,95973.335938,1204.825195,232,
0,0.0,-15688.960938,90986.710938,1293.046387,111,
0,1.0,-62460.5,82111.6875,1419.818359,287,
0,1.0,-48211.238281,80287.460938,1020.124512,94,
0,2.0,-1867.296875,59519.589844,1207.603516,51,
0,2.0,-67034.90625,87470.539063,636.54834,106,
0,0.0,-9954.796875,75285.453125,1242.61377,103,
0,1.0,-46347.015625,295.321503,1884.558105,339,
0,2.0,-98705.0625,48315.832031,3950.962158,157,
0,1.0,-81136.507813,6140.226563,2041.644531,91,
0,0.0,-61882.164063,24047.169922,1994.32959,181,
0,2.0,-42027.941406,86821.445313,1150.404785,246,
0,2.0,-55295.878906,89067.117188,1577.279785,10,
0,1.0,-75866.867188,58378.296875,2303.897461,75,
0,1.0,-81084.210938,24022.558594,7792.601563,252,
0,0.0,-15575.132813,87987.351563,965.235352,61,
0,0.0,-58495.191406,91949.585938,2716.526855,123,
0,2.0,-72765.992188,34980.21875,6586.015625,270,
0,1.0,-90759.070313,88156.546875,1101.649414,340,
0,1.0,-90060.757813,100578.507813,3430.040527,17,
0,0.0,-44987.3125,88396.5,1300.115723,247,
0,2.0,-88556.460938,26043.667969,7749.951172,279,
0,0.0,-5023.546875,80601.234375,853.19873,303,
0,0.0,-7330.742188,45098.054688,736.188477,102,
0,1.0,-59827.21875,4472.890625,1865.54834,180,
0,1.0,-78598.59375,76202.179688,1008.399902,125,
0,2.0,-82616.195313,94988.929688,1157.908203,141,
0,1.0,-74633.28125,58086.050781,1983.277832,282,
0,2.0,-67763.984375,77171.203125,1165.248535,352,
0,0.0,-81579.492188,43375.347656,7048.793945,232,
0,1.0,-91017.476563,89519.335938,1026.76123,2,
0,0.0,-14578.421875,92266.4375,1365.024902,98,
0,2.0,-64672.335938,59184.277344,977.87207,252,
0,1.0,-18020.765625,33792.777344,616.56543,338,
0,0.0,-16122.710938,71477.03125,668.869141,10,
0,0.0,-98175.945313,81970.171875,1838.480469,123,
0,1.0,-60340.953125,20958.599609,1148.412109,291,
0,1.0,-91155.90625,72203.03125,3589.390137,296,
0,1.0,-98689.679688,41068.148438,6601.237793,119,
0,0.0,-5112.75,71495.492188,934.263672,309,
0,0.0,-77192.734375,20700.193359,3636.682129,278,
0,0.0,-13710.921875,96225.59375,1195.125,19,
0,1.0,-83212.984375,88498.015625,772.037598,56,
0,0.0,-1252.039063,79189.234375,1087.067871,25,
0,0.0,-47125.3125,10926.895508,1104.1875,337,
0,0.0,-28707.710938,81751.757813,937.11377,356,
0,2.0,-64970.734375,75531.554688,1751.833008,271,
0,1.0,-2593.289063,39985.300781,986.590332,41,
0,0.0,-77983.335938,23496.517578,6940.980469,202,
0,2.0,-32546.890625,94653.625,1507.996582,328,
0,0.0,-72073.828125,95591.882813,1477.605469,152,
0,1.0,-50669.175781,81231.875,1344.374023,77,
0,0.0,-77847.984375,46983.804688,1571.001953,236,
0,0.0,-55597.351563,30104.337891,1446.734375,254,
0,2.0,-38720.960938,81788.671875,733.596191,179,
0,0.0,-73076.6875,42264.8125,2093.48291,209,
0,0.0,-20044.945313,35776.96875,544.029785,320,
0,2.0,-54942.105469,94238.328125,3972.048584,303,
0,1.0,-7866.015625,43092.332031,932.28125,54,
0,1.0,-40086.820313,81736.382813,778.567383,318,
0,1.0,-69375.945313,41720.316406,2292.041992,154,
0,0.0,-57575.390625,2805.554443,1584.343262,53,
0,0.0,-75605.382813,59667.25,2454.946777,84,
0,0.0,-70523.390625,65352.191406,2009.163574,75,
0,0.0,-59553.429688,24320.957031,1726.837891,305,
0,1.0,-69523.609375,24197.90625,2907.224609,297,
0,1.0,-20201.835938,99975.5625,1072.444824,142,
0,1.0,-1990.34375,71649.304688,664.196289,306,
0,0.0,-98108.265625,85049.515625,926.558105,72,
0,0.0,-28150.90625,80908.867188,906.73291,197,
0,0.0,-19977.265625,80616.617188,1001.318848,199,
0,1.0,-56560.222656,79038.492188,2033.28418,145,
0,2.0,-9717.921875,78733.945313,1245.910156,318,
0,1.0,-100243.195313,76196.023438,2458.811035,59,
0,0.0,-39440.800781,84372.742188,894.672852,267,
0,1.0,-22395.21875,100209.359375,1090.873047,190,
0,1.0,-68000.859375,96453.234375,991.136719,83,
0,1.0,-67471.734375,90549.882813,686.544434,216,
0,0.0,-14027.773438,88590.304688,1207.171387,59,
0,1.0,-96410.171875,76051.4375,3356.915039,52,
0,1.0,-57424.652344,21275.453125,629.875,345,
0,0.0,-89903.867188,61442.253906,5221.186523,0,
0,1.0,-91638.882813,79595.296875,2140.432129,208,
0,2.0,-41151.207031,84332.75,948.658203,83,
0,1.0,-92192.609375,63924.804688,5897.416016,46,
0,2.0,-85904.71875,10493.142578,6038.579102,298,
0,2.0,-58242.941406,76623.625,2142.720703,238,
0,1.0,-97563.765625,18571.416016,4534.740723,307,
0,0.0,-96293.273438,25151.548828,7721.471191,254,
0,2.0,-62045.203125,84280.453125,1194.583008,144,
0,0.0,-17627.007813,90968.257813,993.51709,238,
0,2.0,-79933.6875,43449.175781,5239.262695,58,
0,1.0,-67530.1875,65982.820313,1336.214355,264,
0,0.0,-76583.640625,2943.986328,2540.57959,258,
0,0.0,-51715.101563,4054.518555,3662.92334,274,
0,0.0,-83582.140625,18448.365234,7636.741211,175,
0,1.0,-67567.101563,93801.492188,879.682129,76,
0,0.0,-99744.84375,96991.585938,1333.12207,122,
0,1.0,-72455.289063,25373.041016,6390.856445,31,
0,0.0,-49001.835938,92444.867188,3220.199707,96,
0,2.0,-83597.523438,82973.039063,531.494141,19,
0,2.0,-77681.859375,5943.345215,1701.419922,119,
0,1.0,-59141.210938,3774.578125,1616.504883,245,
0,0.0,-60470.15625,31842.425781,3077.940918,58,
0,1.0,-68080.835938,30928.775391,5627.068359,211,
0,0.0,-1639.648438,50721.472656,1178.041992,104,
0,2.0,-69286.734375,93087.804688,991.843262,113,
0,1.0,-51730.488281,73202.820313,690.66748,144,
0,2.0,-90925.1875,86495.359375,1093.166504,293,
0,0.0,-39096.265625,79090.796875,567.062012,132,
0,1.0,-88633.367188,52361.121094,6454.55957,261,
0,2.0,-58987.394531,54311.472656,679.48584,253,
0,1.0,-85480.195313,50829.136719,5739.411133,240,
0,1.0,-100458.53125,72323.007813,3552.991211,106,
0,1.0,-55809.613281,79466.101563,1938.960938,335,
0,2.0,-59510.363281,33128.308594,2941.022949,172,
0,0.0,-64078.617188,6955.437012,676.335938,92,
0,0.0,-60611.664063,96923.90625,4294.122559,203,
0,1.0,-93816.875,76903.570313,3028.442871,124,
0,0.0,-58667.464844,88242.679688,1381.365234,114,
0,1.0,-17184.015625,90642.171875,1021.393555,328,
0,0.0,-753.6875,88128.867188,795.564941,67,
0,2.0,-76063.75,37081.308594,6632.595215,72,
0,2.0,-91909.59375,6450.929199,3054.453125,306,
0,2.0,-86519.976563,1125.913208,907.77002,269,
0,2.0,-81585.640625,6392.480469,2174.784668,217,
0,1.0,-3796.109375,77245.03125,792.003906,227,
0,1.0,-99295.703125,52671.824219,4507.927246,157,
0,2.0,-81717.921875,69080.625,4290.284668,147,
0,0.0,-45153.425781,90500.664063,1257.713867,224,
0,2.0,-68474.601563,19863.449219,503.963379,274,
0,2.0,-19860.375,75996.070313,777.381836,56,
1,0.0,-83222.21875,51305.960938,4065.324463,265,
1,0.0,-85077.203125,93835.335938,1169.744141,41,
1,1.0,-75709.976563,99249.5625,1981.447754,83,
1,2.0,-92029.5625,5078.915039,3184.882324,158,
1,2.0,-23053.53125,100030.929688,1097.094727,179,
1,0.0,-30224.3125,91777.3125,1091.550293,10,
1,1.0,-82656.1875,6247.895996,2256.251953,335,
1,1.0,-61482.25,74694.804688,2338.995605,227,
1,2.0,-85670.921875,90254.554688,1009.879395,355,
1,1.0,-90377.609375,94358.296875,998.572266,258,
1,1.0,-89814.65625,76162.1875,2272.039063,302,
1,0.0,-54010.0,1375.09082,4450.868652,316,
1,2.0,-81850.203125,8444.349609,4959.054688,335,
1,1.0,-95096.601563,52213.457031,5778.067383,152,
1,2.0,-64481.605469,73055.15625,2014.059082,160,
1,0.0,-84108.179688,57966.074219,4129.180176,325,
1,1.0,-79798.335938,89383.976563,949.677734,355,
1,0.0,-60485.535156,46325.488281,1095.186523,69,
1,0.0,-8536.632813,100553.898438,2872.811035,81,
1,2.0,-80767.359375,72298.398438,2710.550781,104,
1,1.0,-4196.023438,58941.25,952.494629,73,
1,1.0,-69702.03125,43938.300781,1500.963379,350,
1,1.0,-46725.398438,1528.904053,1936.661133,274,
1,0.0,-70111.171875,64943.046875,1798.904297,7,
1,2.0,-61740.652344,91060.546875,793.122559,313,
1,0.0,-65395.257813,93939.929688,591.104004,74,
1,0.0,-63598.71875,3042.426758,1705.911621,160,
1,1.0,-75294.679688,78312.5,779.816895,254,
1,2.0,-86950.65625,82308.5625,657.367188,311,
1,1.0,-58704.378906,9290.323242,2389.579102,189,
1,0.0,-19694.25,86344.632813,773.626465,117,
1,0.0,-86344.625,93604.609375,1197.125977,87,
1,0.0,-86006.234375,22924.332031,7810.117676,293,
1,0.0,-67794.75,4143.72998,975.828125,318,
1,2.0,-85787.820313,94496.734375,1200.494141,43,
1,1.0,-75734.585938,81641.015625,629.652344,281,
1,1.0,-69028.328125,93447.726563,1006.625977,12,
1,2.0,-72692.15625,66324.289063,2699.985352,314,
1,1.0,-91805.0,84178.9375,1139.992188,192,
1,1.0,-1061.3125,42849.304688,1168.676758,252,
1,1.0,-92346.421875,56378.71875,5037.18457,137,
1,2.0,-279.9375,39656.140625,1013.198242,114,
1,0.0,-53985.386719,5072.762207,3439.47998,98,
1,0.0,-86956.804688,19395.855469,5340.678711,276,
1,0.0,-62734.285156,56514.078125,878.813477,320,
1,2.0,-9684.085938,83634.4375,851.387695,203,
1,2.0,-67370.21875,48768.039063,981.469727,304,
1,1.0,-19226.664063,86037.0,805.131836,330,
1,2.0,-73784.234375,1701.174927,2411.187988,303,
1,2.0,-72196.875,97782.1875,1562.393555,120,
1,2.0,-38951.679688,83305.273438,796.120117,311,
1,1.0,-74756.328125,85424.828125,495.580566,125,
1,2.0,-23834.90625,80038.289063,1009.764648,296,
1,0.0,-57412.347656,92420.25,3304.967285,202,
1,0.0,-4863.578125,68080.835938,993.550293,27,
1,0.0,-62795.8125,47014.570313,1071.914063,15,
1,0.0,-98314.375,68234.65625,4973.353516,204,
1,1.0,-70538.773438,58852.039063,1139.419922,344,
1,1.0,-90079.210938,59070.453125,4907.820313,149,
1,0.0,-68613.03125,84954.15625,669.957031,59,
1,1.0,-25000.8125,78595.515625,928.622559,60,
1,0.0,-72175.34375,38419.480469,4592.065918,15,
1,0.0,-29839.78125,82594.664063,905.624023,147,
1,1.0,-82062.46875,19008.246094,7463.452148,239,
1,2.0,-16762.570313,74925.53125,951.277344,64,
1,1.0,-63497.203125,13658.621094,1140.540527,311,
1,2.0,-14879.898438,32165.435547,635.944824,318,
1,2.0,-79878.3125,2217.987549,2608.929199,286,
1,0.0,-85575.5625,63709.464844,4861.098633,54,
1,0.0,-46888.441406,9982.482422,1517.25,67,
1,0.0,-8838.109375,85975.476563,1092.302734,26,
1,2.0,-99240.335938,89414.742188,974.90332,44,
1,1.0,-94099.890625,96041.015625,1076.833008,354,
1,0.0,-93260.070313,65416.789063,5699.478516,171,
1,2.0,-96004.101563,78318.648438,3138.23877,81,
1,2.0,-29627.515625,82274.726563,910.96582,133,
1,0.0,-99151.125,96431.703125,953.089355,207,
1,0.0,-68729.929688,69957.359375,1452.40625,253,
1,1.0,-73384.320313,43581.457031,1646.048828,43,
1,2.0,-94235.25,1608.887085,4300.65918,159,
1,0.0,-71055.585938,34512.625,5789.726563,147,
1,0.0,-86959.882813,66918.007813,4534.813965,173,
1,0.0,-87593.59375,75636.148438,1899.967285,295,
1,0.0,-68391.539063,97111.554688,1161.982422,138,
1,0.0,-91931.125,17740.824219,2260.414551,322,
1,0.0,-79407.648438,68391.539063,4443.904785,179,
1,0.0,-96966.96875,44935.011719,4698.619629,237,
1,2.0,-86187.734375,65361.417969,4937.280273,165,
1,1.0,-80419.742188,39951.464844,7225.844727,331,
1,1.0,-52241.144531,75334.671875,1059.200195,240,
1,1.0,-41766.460938,92847.851563,1516.229492,212,
1,2.0,-81314.929688,18017.6875,7894.870605,182,
1,1.0,-100107.84375,66388.890625,4977.195313,277,
1,1.0,-52471.863281,82293.1875,1611.931641,22,
1,0.0,-71064.8125,61500.703125,1427.094727,355,
1,1.0,-24487.070313,96782.398438,1165.441406,282,
1,1.0,-82517.75,74033.414063,1720.429688,132,
1,2.0,-95241.1875,99117.28125,3115.404785,115,
1,2.0,-90832.898438,15891.989258,2608.817383,21,
1,1.0,-55588.125,24434.777344,575.587891,42,
1,2.0,-17657.765625,96053.320313,1200.555664,76,
1,2.0,-72599.875,49878.574219,965.249512,161,
1,2.0,-81570.265625,6112.540039,2048.883301,249,
1,1.0,-4445.203125,72836.742188,841.281738,37,
1,2.0,-19798.851563,79118.476563,950.661133,323,
1,2.0,-24194.828125,100197.054688,1190.63916,255,
1,2.0,-13790.898438,34854.089844,990.074219,273,
1,2.0,-52158.085938,96093.3125,4323.824707,237,
1,0.0,-20672.507813,87464.382813,667.28418,3,
1,0.0,-74488.703125,19494.296875,1402.366211,196,
1,1.0,-16651.828125,84341.976563,805.969727,352,
1,0.0,-60156.375,98003.671875,4969.072266,296,
1,2.0,-49484.808594,1864.217041,3421.955078,144,
1,1.0,-65392.179688,84883.398438,885.226074,77,
1,0.0,-169.195313,77734.164063,1137.563477,67,
1,0.0,-64453.921875,30602.691406,4647.13916,228,
1,0.0,-55864.988281,97329.96875,4185.883301,297,
1,2.0,-159.96875,87181.375,842.793457,205,
1,1.0,-79736.8125,38853.238281,6929.755859,359,
1,0.0,-7546.078125,38207.21875,1061.901367,25,
1,2.0,-57089.339844,33654.347656,2231.269531,113,
1,1.0,-91155.90625,100750.78125,3308.784668,103,
1,1.0,-24576.289063,84222.007813,876.129883,347,
1,1.0,-76171.414063,3279.299072,2400.179199,289,
1,1.0,-19408.164063,100372.398438,1410.850586,235,
1,0.0,-1624.265625,82004.015625,1065.0,184,
1,2.0,-69406.703125,98191.328125,1338.445313,9,
1,2.0,-46008.632813,90248.40625,1294.876953,83,
1,2.0,-94942.789063,56664.816406,5248.208984,73,
1,1.0,-41243.496094,84305.0625,946.30957,233,
1,0.0,-70637.21875,82871.523438,665.728027,8,
1,2.0,-34306.515625,80635.078125,613.588379,310,
1,2.0,-72566.03125,1571.971802,2151.499512,184,
1,0.0,-86024.695313,90042.296875,1024.6875,187,
1,1.0,-61426.875,37533.519531,3501.05957,222,
1,0.0,-64546.207031,90113.054688,712.162109,181,
1,1.0,-61085.410156,42544.753906,1892.368652,187,
1,0.0,-96563.984375,87313.648438,1138.251953,299,
1,1.0,-84228.15625,83342.1875,632.350586,108,
1,0.0,-50419.996094,12551.164063,948.031738,276,
1,0.0,-17070.203125,38963.984375,810.688965,53,
1,0.0,-16814.867188,87310.570313,754.449707,110,
1,2.0,-75777.65625,16734.884766,1188.977051,0,
1,2.0,-66742.65625,37468.917969,4263.500977,169,
1,2.0,-77995.640625,38250.289063,6416.168945,316,
1,2.0,-63777.140625,76454.429688,1998.458984,174,
1,2.0,-72190.726563,74411.789063,1273.135742,194,
1,2.0,-79709.125,144.584488,2505.788086,31,
1,2.0,-66902.625,77894.125,1225.937988,188,
1,1.0,-99904.804688,21629.224609,6043.889648,42,
1,0.0,-3374.664063,84194.320313,1052.499023,215,
1,0.0,-36090.746094,98132.875,2699.728516,105,
1,1.0,-84292.757813,56717.109375,3573.719238,341,
1,0.0,-54628.328125,40182.183594,496.286133,323,
1,0.0,-46722.324219,99621.789063,4280.672363,137,
1,1.0,-73082.84375,56360.261719,1376.364258,39,
1,0.0,-5251.1875,65678.273438,864.46582,200,
1,2.0,-82668.492188,60827.003906,4843.464355,158,
1,0.0,-82570.046875,43461.484375,7896.559082,252,
1,1.0,-839.820313,68954.492188,782.797363,29,
1,2.0,-69302.117188,92709.421875,968.639648,274,
1,0.0,-54791.371094,2464.088867,3797.736816,25,
1,2.0,-16408.796875,82576.195313,929.716797,275,
1,1.0,-11025.335938,89725.445313,1327.691406,248,
1,2.0,-8398.210938,63632.554688,656.647949,186,
1,0.0,-93952.234375,49121.8125,7083.876953,111,
1,1.0,-56163.386719,68997.5625,952.950684,202,
1,1.0,-21001.671875,83603.679688,936.671875,264,
1,0.0,-81388.765625,50946.039063,3031.895996,282,
1,2.0,-75614.609375,53151.71875,1701.799316,317,
1,0.0,-86332.320313,17925.400391,6757.65918,74,
1,2.0,-40748.214844,94102.96875,1660.282227,328,
1,0.0,-64223.199219,26886.5625,3032.17334,155,
1,2.0,-81351.84375,65109.167969,5251.123047,183,
1,1.0,-48448.109375,11631.361328,1633.135742,2,
1,1.0,-78887.757813,75629.992188,1062.230469,157,
1,2.0,-46137.832031,97997.523438,4281.380859,266,
1,1.0,-68453.0625,73658.109375,1385.987793,172,
1,0.0,-47002.265625,81890.195313,986.450195,227,
1,0.0,-67336.382813,78355.5625,1117.024902,122,
1,1.0,-5401.921875,46159.367188,765.013672,338,
1,1.0,-36924.421875,84323.515625,674.512695,261,
1,1.0,-72476.820313,50533.820313,870.183594,132,
1,2.0,-40775.902344,98345.140625,4098.097168,55,
1,2.0,-57578.464844,66927.234375,658.98291,246,
1,0.0,-38287.199219,88008.890625,1073.005859,292,
1,1.0,-88907.15625,65023.027344,5139.775391,29,
1,2.0,-58098.355469,48494.253906,509.792969,298,
1,0.0,-55757.316406,97536.078125,4262.469238,145,
1,1.0,-60150.222656,57787.65625,823.699707,185,
1,0.0,-65721.34375,90297.632813,638.853027,45,
1,2.0,-71286.304688,88442.640625,750.038574,328,
1,0.0,-10013.242188,70028.117188,1002.258789,106,
1,1.0,-4888.1875,39939.160156,948.218262,61,
1,1.0,-95656.484375,84975.6875,1263.632324,149,
1,1.0,-99529.5,53533.175781,4510.61377,85,
1,1.0,-37758.085938,91906.515625,1296.434082,116,
1,0.0,-62725.058594,85363.304688,1041.595703,218,
1,0.0,-46211.664063,98766.59375,4298.469727,101,
1,1.0,-79266.140625,99858.664063,2796.611328,323,
1,2.0,-57418.5,100504.671875,5301.699219,359,
1,1.0,-45356.460938,79090.796875,664.003418,232,
1,0.0,-95930.273438,98646.617188,2771.35498,75,
1,2.0,-28907.671875,99957.101563,1144.322266,133,
1,2.0,-50127.753906,10542.362305,2226.26416,203,
1,1.0,-70566.460938,2627.130859,1853.847168,43,
1,1.0,-93044.734375,1052.082886,3737.009277,94,
1,1.0,-84348.132813,87956.59375,854.838867,229,
1,2.0,-50782.996094,86790.6875,1630.589355,292,
1,1.0,-58375.21875,89177.867188,1376.009277,263,
1,2.0,-5623.414063,37739.628906,909.555176,89,
1,2.0,-58436.746094,41892.589844,1668.767578,212,
1,0.0,-68773.0,26575.859375,3691.58252,266,
1,1.0,-94481.351563,68979.101563,5057.980469,288,
1,2.0,-68333.09375,57867.636719,1075.307617,252,
1,2.0,-91565.046875,57412.351563,4842.030762,55,
1,1.0,-62023.667969,58661.3125,900.423828,78,
1,1.0,-96400.9375,53954.625,4393.364258,112,
1,2.0,-86006.234375,20158.769531,5518.554688,242,
1,1.0,-81659.476563,96339.414063,1151.293945,338,
1,0.0,-65229.140625,87556.679688,760.74707,193,
1,1.0,-63620.25,94964.320313,583.589844,278,
1,2.0,-83628.28125,57030.894531,3514.689941,110,
1,2.0,-81164.195313,4519.03418,1847.740234,316,
1,0.0,-52124.25,100150.90625,4531.012695,194,
1,1.0,-83151.460938,46125.53125,6801.401367,91,
1,0.0,-81936.335938,54437.597656,2632.353027,238,
1,2.0,-65918.21875,91758.851563,623.761719,255,
1,1.0,-1045.929688,88202.695313,815.451172,280,
1,0.0,-43150.777344,95551.890625,3454.296387,186,
1,0.0,-21758.429688,94441.359375,1122.378418,314,
1,0.0,-95182.742188,49906.257813,5545.905273,20,
1,0.0,-88664.132813,97560.695313,2080.452637,36,
1,2.0,-10914.585938,43080.027344,705.895996,278,
1,2.0,-96776.242188,46067.078125,4598.075195,194,
1,2.0,-48783.421875,14113.907227,1011.487793,240,
2,0.0,-98828.117188,80428.96875,2072.027832,292,
2,0.0,-9431.828125,80265.929688,1036.580078,241,
2,0.0,-59833.371094,1568.895508,1865.468262,31,
2,0.0,-3091.648438,79115.40625,867.896973,109,
2,0.0,-46303.949219,85578.640625,1289.40332,293,
2,0.0,-23133.523438,85495.578125,898.048828,147,
2,0.0,-40335.996094,7026.191406,664.65625,64,
2,0.0,-5081.992188,73719.632813,873.129883,57,
2,0.0,-54551.421875,3405.42627,3913.373047,106,
2,0.0,-5401.921875,70114.25,980.967285,202,
2,0.0,-42667.808594,3783.807129,1892.959473,341,
2,0.0,-51130.613281,12911.086914,681.561035,63,
2,0.0,-94758.210938,46913.054688,7226.753906,170,
2,0.0,-30864.171875,94358.296875,1356.115234,98,
2,0.0,-80588.9375,14018.542969,6926.913086,315,
2,0.0,-94952.015625,446.058533,4908.701172,4,
2,0.0,-13920.101563,79435.328125,1128.912109,11,
2,0.0,-2620.976563,88171.929688,947.257324,285,
2,0.0,-57387.738281,89159.414063,1485.952637,10,
2,0.0,-95062.765625,71966.164063,4325.419922,218,
2,0.0,-24514.765625,81253.40625,978.484863,266,
2,0.0,-100756.929688,8229.010742,1740.73877,283,
2,0.0,-77946.421875,54148.429688,2059.242188,113,
2,0.0,-62737.363281,46020.9375,1376.557617,290,
2,0.0,-470.664063,43169.238281,1284.320313,331,
2,0.0,-95185.8125,85175.648438,1207.095703,192,
2,0.0,-47094.550781,90482.210938,1411.599121,174,
2,0.0,-38142.621094,4325.22998,1283.473633,18,
2,0.0,-64177.054688,100593.890625,4976.640625,354,
2,0.0,-98246.703125,18017.6875,4710.33252,219,
2,0.0,-6386.328125,61983.679688,695.024414,264,
2,0.0,-96607.046875,98455.882813,2481.494141,251,
2,0.0,-21573.851563,91377.398438,795.233398,326,
2,0.0,-9191.882813,65641.359375,644.870605,37,
2,0.0,-81760.992188,10985.344727,6686.547363,9,
2,0.0,-8976.546875,63540.269531,557.26416,268,
2,0.0,-96231.742188,45516.425781,5387.161133,277,
2,0.0,-89310.148438,25431.488281,7204.11084,57,
2,0.0,-7296.898438,40025.296875,1068.409668,339,
2,0.0,-99754.070313,74513.304688,3010.624023,277,
2,0.0,-13803.203125,77829.523438,1197.266602,81,
2,0.0,-27055.757813,89383.976563,648.371094,13,
2,0.0,-63854.050781,49075.667969,648.26416,356,
2,0.0,-88716.429688,94275.242188,1044.084473,278,
2,0.0,-7213.84375,77488.0625,1184.086426,173,
2,0.0,-30350.4375,92927.835938,1247.072266,187,
2,0.0,-87587.4375,86526.125,983.935059,111,
2,0.0,-90180.734375,54345.3125,4605.206543,239,
2,0.0,-9038.070313,87138.304688,1174.731445,27,
2,0.0,-82314.71875,98508.179688,2402.842285,166,
2,0.0,-46940.738281,90069.984375,1396.433594,292,
2,0.0,-16636.445313,39440.804688,818.868164,258,
2,0.0,-81807.132813,14144.668945,7118.055664,116,
2,0.0,-8158.257813,40499.039063,1076.360352,154,
2,0.0,-64398.546875,42969.277344,2192.976074,59,
2,0.0,-48869.554688,92337.195313,3101.29541,153,
2,0.0,-94238.328125,63128.050781,6287.067383,280,
2,0.0,-79893.695313,40299.082031,6517.949219,208,
2,0.0,-39.992188,43144.625,1374.373047,236,
2,0.0,-99363.382813,75937.625,2653.372559,8,
2,0.0,-47626.746094,100726.171875,4236.810059,228,
2,0.0,-7370.726563,76900.492188,1181.736816,133,
2,0.0,-89239.390625,1172.057251,2100.459961,124,
2,0.0,-85830.890625,62208.246094,4836.666504,80,
2,0.0,-48601.921875,81702.539063,1147.685547,256,
2,0.0,-69877.375,1578.124268,1902.794922,1,
2,0.0,-71384.75,68643.796875,2132.489746,335,
2,0.0,-64324.714844,14538.431641,916.677246,346,
2,0.0,-96591.671875,18829.824219,4509.146973,65,
2,0.0,-60420.9375,43732.191406,1631.208496,260,
2,0.0,-88082.71875,25816.021484,7860.750488,240,
2,0.0,-100541.59375,60845.460938,5975.819336,317,
2,0.0,-54277.632813,74285.664063,1377.314453,345,
2,0.0,-67914.71875,44344.371094,1532.958984,178,
2,0.0,-98080.578125,33.838924,6240.746094,117,
2,0.0,-68210.039063,58307.539063,1095.986816,306,
2,0.0,-57729.203125,1113.608154,1674.812988,227,
2,0.0,-58575.175781,38604.058594,2517.620605,341,
2,0.0,-86876.820313,86446.140625,930.22168,118,
2,0.0,-30427.34375,97859.085938,1343.091797,23,
2,0.0,-69172.914063,77152.742188,1041.229492,139,
2,0.0,-63974.023438,69157.53125,1797.994141,100,
2,0.0,-84037.429688,57907.625,4076.435059,166,
2,0.0,-73212.046875,80653.539063,642.666016,242,
2,0.0,-33466.695313,94327.539063,1514.21582,38,
2,0.0,-66170.476563,43744.496094,2092.583496,268,
2,0.0,-57033.964844,96477.84375,3970.021484,123,
2,0.0,-94767.445313,52899.46875,5220.069336,38,
2,0.0,-11779.023438,73178.210938,1193.662109,325,
2,0.0,-81564.109375,24081.007813,7720.621094,178,
2,0.0,-3476.179688,51136.765625,645.791992,119,
3,0.0,-54609.871094,36204.574219,625.595215,187,
3,0.0,-97628.367188,60039.480469,5854.322266,17,
3,0.0,-4848.195313,99028.070313,2439.941406,281,
3,0.0,-49893.953125,12649.604492,1027.37793,37,
3,0.0,-95850.289063,46377.78125,5635.336914,86,
3,0.0,-59356.546875,70055.804688,1777.021484,12,
3,0.0,-94102.96875,74202.609375,3653.016113,139,
3,0.0,-93872.25,94010.6875,894.641602,76,
3,0.0,-34134.242188,89214.78125,1207.279785,79,
3,0.0,-14609.1875,33958.898438,917.275879,127,
3,0.0,-27566.414063,91183.59375,784.926758,261,
3,0.0,-91371.242188,68123.90625,4746.213379,340,
3,0.0,-75540.78125,85741.679688,521.944824,264,
3,0.0,-65924.375,34687.972656,5041.96582,119,
3,0.0,-67342.53125,61494.550781,914.922852,201,
3,0.0,-80198.25,44036.742188,5039.555664,216,
3,0.0,-11634.4375,100261.648438,2677.485352,302,
3,0.0,-83305.28125,71104.804688,2953.333008,134,
3,0.0,-19561.96875,36702.925781,614.02002,58,
3,0.0,-69689.726563,26157.488281,4320.713379,82,
3,0.0,-69517.453125,92577.140625,969.886719,218,
3,0.0,-92531.0,57390.816406,5090.94043,177,
3,0.0,-36841.359375,83729.796875,656.005371,268,
3,0.0,-62039.050781,62155.953125,985.375977,122,
3,0.0,-100541.59375,9813.288086,2989.275391,291,
3,0.0,-64007.859375,20478.701172,1148.865234,39,
3,0.0,-47857.464844,5392.693848,580.266602,195,
3,0.0,-40920.488281,98646.617188,4174.790527,228,
3,0.0,-1372.015625,40742.0625,1047.852051,212,
3,0.0,-8927.320313,95075.070313,1018.871094,347,
3,0.0,-74011.875,67222.554688,2816.116699,130,
3,0.0,-69932.75,66176.625,1833.490234,188,
3,0.0,-41317.324219,81154.96875,740.612793,206,
3,0.0,-76045.289063,49223.328125,1012.362305,215,
3,0.0,-91331.25,19328.177734,3794.837402,20,
3,0.0,-54449.902344,79309.210938,1753.507813,175,
3,0.0,-100233.96875,82979.1875,1173.612305,334,
3,0.0,-66345.828125,59805.683594,977.812012,229,
3,0.0,-43421.492188,80721.210938,723.158203,352,
3,0.0,-83222.21875,50429.222656,4392.299316,270,
3,0.0,-97176.15625,70852.554688,4472.956055,172,
3,0.0,-55575.820313,93659.992188,3900.137695,319,
3,0.0,-83265.28125,7401.495605,3654.253418,73,
3,0.0,-72513.734375,20980.132813,1767.184082,110,
3,0.0,-25385.34375,77328.09375,793.474121,52,
3,0.0,-61337.664063,48361.972656,748.164063,184,
3,0.0,-60673.1875,91085.15625,934.94873,314,
3,0.0,-98329.757813,96628.585938,1115.686523,323,
3,0.0,-39185.472656,90774.453125,1217.546875,16,
3,0.0,-4300.617188,41175.816406,945.007813,92,
3,0.0,-19315.875,99387.992188,1070.074707,355,
3,0.0,-94884.34375,96880.835938,1320.42627,336,
3,0.0,-43110.789063,61.525314,1873.241211,183,
3,0.0,-23930.273438,83686.734375,935.234863,310,
3,0.0,-86092.375,68840.679688,3767.364746,222,
3,0.0,-70148.09375,62946.550781,1477.796875,233,
3,0.0,-23247.335938,75805.34375,580.007813,28,
3,0.0,-22733.601563,93066.273438,996.819336,186,
3,0.0,-63235.71875,25569.921875,2424.401367,83,
3,0.0,-76257.546875,67800.898438,3610.638672,31,
3,0.0,-73627.34375,48820.335938,1196.662109,47,
3,0.0,-62072.890625,99686.390625,4966.40625,91,
3,0.0,-16485.710938,75239.304688,978.494141,127,
3,0.0,-60503.996094,79318.4375,2259.148926,21,
3,0.0,-57541.550781,28304.722656,2055.18457,49,
3,0.0,-49893.953125,8321.298828,1530.615234,174,
3,0.0,-97874.46875,20604.828125,5751.160156,341,
3,0.0,-67883.953125,52161.164063,788.198242,358,
3,0.0,-66422.734375,52247.296875,745.520508,2,
3,0.0,-63970.945313,12385.045898,1031.155762,56,
3,0.0,-98726.59375,53050.199219,4252.921387,331,
3,0.0,-100430.851563,48654.21875,3476.230469,152,
3,0.0,-75660.757813,37678.105469,5580.34668,234,
3,0.0,-96407.09375,72618.328125,4169.369629,31,
3,0.0,-96314.804688,73267.421875,4030.292725,91,
3,0.0,-84545.015625,79290.75,737.44043,23,
3,0.0,-69535.90625,2540.995605,1736.729492,192,
3,0.0,-22102.96875,74996.28125,483.307617,21,
3,0.0,-96096.390625,68022.390625,5303.921387,170,
3,0.0,-3996.070313,93558.46875,945.776855,168,
3,0.0,-80345.90625,50459.984375,2344.514648,287,
3,0.0,-42947.746094,3666.908691,1943.589844,142,
3,0.0,-74205.6875,81284.171875,644.862793,165,
3,0.0,-82960.734375,94988.929688,1156.652344,60,
3,0.0,-37401.238281,79973.679688,585.828613,166,
3,0.0,-80748.898438,87504.375,769.825195,153,
3,0.0,-78955.4375,53031.742188,1959.165039,360,
3,0.0,-69425.164063,56347.957031,1079.65625,137,
3,0.0,-91657.335938,24622.431641,6935.624023,78,
3,0.0,-2264.132813,71295.53125,709.186523,353,
3,0.0,-78466.3125,67121.039063,4492.564941,211,
3,0.0,-55194.359375,80915.015625,1981.217285,280,
3,0.0,-68366.929688,89107.117188,664.821289,210,
3,0.0,-90755.992188,74073.398438,3016.913574,178,
3,0.0,-84083.570313,4783.593262,1549.658691,27,
3,0.0,-21887.632813,84240.460938,947.681641,349,
3,0.0,-87126.0,6856.996582,2581.09375,237,
3,0.0,-66598.078125,96087.164063,904.945801,200,
3,0.0,-53468.574219,31968.554688,499.437988,188,
3,0.0,-25160.78125,89383.976563,567.396484,23,
3,0.0,-47303.738281,9939.415039,1743.24707,338,
3,0.0,-750.609375,57006.285156,1239.796875,154,
3,0.0,-51564.367188,82874.601563,1550.492676,235,
3,0.0,-39410.039063,7226.148438,605.321289,209,
3,0.0,-11815.9375,71735.4375,1098.384766,204,
3,0.0,-3808.414063,40342.148438,943.400391,105,
3,0.0,-80385.898438,95268.875,1300.946777,77,
3,0.0,-96825.460938,80219.78125,2584.754395,76,
3,0.0,-75183.9375,35330.914063,7957.668457,23,
3,0.0,-89565.476563,16894.851563,3367.102539,334,
3,0.0,-63368.0,22795.128906,1587.705078,359,
3,0.0,-6961.585938,38299.507813,1037.395508,208,
3,0.0,-99089.59375,50859.898438,4177.47168,85,
3,0.0,-100317.023438,62832.726563,5801.538086,135,
3,0.0,-80638.15625,48165.09375,3303.989258,79,
3,0.0,-3260.84375,45836.359375,972.109863,194,
3,0.0,-5005.078125,73181.289063,876.609375,302,
3,0.0,-96244.046875,63724.847656,6223.554688,82,
3,0.0,-6995.429688,82188.585938,981.885742,134,
3,0.0,-50533.816406,10213.202148,2375.866211,284,
3,0.0,-16784.101563,77081.992188,973.38623,271,
3,0.0,-62801.964844,14584.575195,1337.003906,303,
3,0.0,-61648.363281,91900.367188,769.42334,74,
3,0.0,-66035.125,44747.363281,1596.897461,288,
3,0.0,-81884.046875,91918.820313,976.640625,111,
3,0.0,-68265.414063,48325.058594,843.273438,65,
3,0.0,-49057.207031,82646.953125,1293.159668,182,
3,0.0,-77063.53125,20072.634766,3389.944824,115,
3,0.0,-46427.003906,100560.054688,4310.91748,148,
3,0.0,-30128.945313,92054.179688,1127.144531,286,
3,0.0,-36662.933594,97480.710938,2240.111328,277,
3,0.0,-72239.953125,23170.433594,4119.66748,250,
3,0.0,-94669.0,61429.949219,6214.617188,92,
3,0.0,-61534.542969,80696.601563,1806.527344,7,
3,0.0,-88387.265625,74737.875,2274.414063,330,
3,0.0,-83886.6875,59162.738281,4622.078125,358,
3,0.0,-75534.625,54034.605469,1789.573242,180,
3,0.0,-71369.367188,47143.773438,1375.01416,24,
3,0.0,-60986.96875,59285.792969,856.921875,237,
3,0.0,-55055.925781,72218.414063,1441.822266,34,
3,0.0,-77165.046875,63992.480469,4277.014648,272,
3,0.0,-14129.289063,95407.304688,1260.088867,130,
3,0.0,-97963.679688,96228.671875,877.108887,49,
3,0.0,-90626.789063,15433.625977,2876.049805,162,
3,0.0,-4297.546875,82287.03125,955.112305,312,
3,0.0,-19285.109375,92195.679688,966.406738,360,
3,0.0,-82548.515625,70637.21875,3353.606934,159,
3,0.0,-71815.421875,76848.195313,928.790039,49,
3,0.0,-2208.757813,99560.265625,3623.766113,139,
3,0.0,-97573.0,63777.140625,6099.140625,116,
3,0.0,-2734.804688,74488.695313,641.606934,285,
3,0.0,-22435.203125,75543.859375,562.465332,303,
3,0.0,-77672.632813,57372.355469,2509.564941,176,
3,0.0,-87971.96875,57206.242188,4342.649902,300,
3,0.0,-82566.96875,76328.304688,1290.211914,165,
3,0.0,-68699.171875,2442.554932,1698.65332,333,
3,0.0,-95561.117188,3356.206055,4348.140137,5,
3,0.0,-95844.132813,67493.273438,5471.610352,256,
3,0.0,-94342.921875,14221.577148,2326.660156,149,
3,0.0,-52250.375,78078.703125,1346.841797,289,
3,0.0,-88611.835938,9739.458008,3566.584961,305,
3,0.0,-39210.082031,98406.664063,4067.551025,345,
3,0.0,-89020.976563,95801.070313,1010.897461,227,
3,0.0,-11511.382813,67520.960938,669.179199,89,
3,0.0,-57538.476563,98951.164063,5028.206055,224,
3,0.0,-94139.882813,51115.234375,6019.237305,314,
3,0.0,-65459.859375,72464.515625,1872.520996,360,
3,0.0,-58513.648438,46574.664063,757.787109,64,
3,0.0,-56760.179688,30193.548828,1974.970215,13,
3,0.0,-57683.058594,67477.890625,811.632324,300,
3,0.0,-55160.519531,25588.378906,612.57959,178,
3,0.0,-28661.570313,93183.164063,1084.233398,216,
3,0.0,-90786.757813,60553.21875,5228.395508,41,
3,0.0,-81376.453125,60159.457031,4500.116211,128,
3,0.0,-1144.375,46347.019531,1342.264648,217,
3,0.0,-88685.664063,89393.203125,1090.118652,171,
3,0.0,-33082.164063,84240.460938,774.538574,259,
3,0.0,-8582.78125,71769.28125,1074.850586,157,
3,0.0,-61466.863281,84366.59375,1247.373047,215,
3,0.0,-100446.226563,98086.734375,2044.987793,289,
3,0.0,-88799.484375,52754.882813,6130.481445,51,
3,0.0,-99446.445313,44418.199219,3688.432129,78,
3,0.0,-65985.898438,32396.154297,5191.789063,221,
3,0.0,-47792.867188,86144.671875,1581.48877,265,
3,0.0,-76872.804688,46365.476563,1599.711914,154,
3,0.0,-70864.859375,54077.675781,976.605469,159,
3,0.0,-93257.0,83828.242188,1377.401367,167,
3,0.0,-10170.132813,85837.046875,955.164551,359,
3,0.0,-65173.765625,59854.902344,972.523926,111,
3,0.0,-12763.429688,38634.820313,1018.100586,9,
3,0.0,-45608.71875,9382.610352,507.966309,222,
3,0.0,-66868.789063,60390.175781,956.050781,351,
3,0.0,-13443.28125,79426.101563,1125.052734,316,
3,0.0,-76475.96875,63721.769531,4054.116943,280,
3,0.0,-74599.445313,52195.0,1329.273438,240,
3,0.0,-98723.523438,63454.132813,5946.495117,17,
3,0.0,-43421.492188,96840.84375,3994.861328,181,
3,0.0,-94641.3125,48318.90625,6584.424805,46,
3,0.0,-51736.640625,81524.117188,1503.371582,277,
3,0.0,-58719.761719,37998.035156,2816.834961,347,
3,0.0,-781.375,51004.484375,1341.189453,218,
3,0.0,-87196.75,71070.96875,3113.716309,268,
3,0.0,-62063.660156,90700.625,795.526855,174,
3,0.0,-55452.765625,37933.433594,725.520996,103,
4,1.0,-4728.21875,99212.648438,2479.349121,285,
4,1.0,-824.4375,37342.789063,677.743164,11,
4,0.0,-47365.265625,98409.742188,4219.087891,302,
4,1.0,-93204.703125,81619.484375,2011.234375,111,
4,0.0,-55323.5625,29249.134766,1216.408203,276,
4,0.0,-61140.78125,79878.320313,2072.930664,223,
4,0.0,-71400.125,76177.570313,1010.166016,329,
4,1.0,-65724.421875,76131.429688,1576.662598,70,
4,0.0,-70618.757813,79364.578125,828.994141,23,
4,1.0,-94069.132813,74811.703125,3498.278809,89,
4,0.0,-92149.539063,95570.34375,978.884277,33,
4,0.0,-17562.398438,82963.8125,938.347168,214,
4,0.0,-90491.4375,17353.214844,2578.583008,106,
4,0.0,-62811.195313,100012.476563,4966.357422,246,
4,0.0,-8204.40625,69052.9375,992.172852,342,
4,1.0,-5909.507813,93604.609375,977.777344,223,
4,1.0,-21583.085938,76660.539063,758.52832,342,
4,0.0,-99089.59375,62423.585938,6125.194336,282,
4,0.0,-71243.242188,61565.308594,1488.335938,177,
4,0.0,-88396.5,19952.658203,5012.794922,250,
4,0.0,-79970.609375,14040.076172,6556.707031,140,
4,0.0,-60528.605469,78946.210938,2297.67627,195,
4,0.0,-40560.5625,95.364235,2235.461426,130,
4,1.0,-1270.492188,52287.292969,1237.52832,111,
4,1.0,-61088.488281,6423.242676,2234.039551,86,
4,0.0,-47946.679688,84858.789063,1455.507324,285,
4,0.0,-99621.789063,69000.640625,4485.524902,52,
4,1.0,-42092.546875,91097.460938,1221.997559,292,
4,0.0,-6813.929688,36955.179688,923.51416,217,
4,1.0,-66253.53125,1931.894897,1615.130859,150,
4,1.0,-96594.742188,72301.46875,4197.888184,96,
4,0.0,-56889.382813,84566.546875,1842.873047,134,
4,0.0,-78124.84375,57052.425781,2469.927734,344,
4,0.0,-47639.050781,8991.924805,2602.169434,17,
4,0.0,-90091.515625,7263.063477,2289.375977,109,
4,1.0,-63321.851563,71655.460938,2058.463867,330,
4,0.0,-63011.152344,61872.929688,979.666504,192,
4,0.0,-42080.242188,93075.5,1557.911621,10,
4,1.0,-95877.976563,79318.4375,2961.088867,335,
4,0.0,-11526.773438,96053.320313,1054.666504,260,
4,0.0,-85683.234375,20287.972656,5620.160156,252,
4,0.0,-59070.453125,59095.0625,708.817383,146,
4,1.0,-83277.59375,19162.058594,7171.98291,278,
4,0.0,-87362.875,22619.783203,6725.176758,60,
4,0.0,-96573.210938,90897.5,1004.419922,24,
4,0.0,-21675.367188,94973.546875,1147.413086,248,
4,1.0,-66296.609375,23478.060547,1735.554688,60,
4,1.0,-94299.851563,20100.320313,5087.926758,257,
4,1.0,-66985.6875,53573.167969,882.302246,164,
4,0.0,-99954.023438,49115.660156,3560.236816,268,
4,0.0,-41341.933594,3199.316406,1849.916992,263,
4,1.0,-71132.492188,29113.779297,7484.887695,43,
4,0.0,-1578.125,99551.039063,3754.296387,91,
4,1.0,-73049.007813,91497.375,978.985352,41,
4,0.0,-70600.296875,86886.046875,630.271484,119,
4,1.0,-69477.460938,83557.53125,664.276367,76,
4,1.0,-87199.828125,71135.570313,3097.003418,58,
4,1.0,-98618.929688,63598.71875,5930.28125,148,
4,0.0,-7936.765625,76392.90625,1181.866211,358,
4,0.0,-66327.367188,92503.3125,635.185547,304,
4,0.0,-99963.257813,77583.421875,2219.875,356,
4,1.0,-80293.609375,23764.152344,7531.219238,162,
5,2.0,-55640.417969,97975.992188,4439.219238,294,
5,2.0,-4192.945313,93173.9375,923.411621,316,
5,0.0,-99178.804688,4663.618652,3289.998535,190,
5,0.0,-55821.917969,41511.132813,883.210938,142,
5,2.0,-24511.6875,99935.570313,1154.526367,210,
5,1.0,-54219.183594,92727.875,3938.104004,66,
5,2.0,-93804.570313,97960.609375,2246.425293,167,
5,1.0,-5192.734375,100363.171875,3307.580566,360,
5,1.0,-99406.453125,56735.566406,5142.036133,279,
5,1.0,-8044.4375,85640.164063,1143.751953,28,
5,2.0,-48392.738281,90716.0,1673.825195,33,
5,0.0,-15768.9375,75583.851563,1028.349609,297,
5,2.0,-79595.296875,7832.172363,2636.157227,94,
5,1.0,-1433.539063,57147.789063,1249.274902,22,
5,1.0,-27249.5625,95816.453125,1113.80957,171,
5,2.0,-63386.457031,32103.908203,4294.574707,35,
5,1.0,-67607.09375,96880.835938,1152.166992,181,
5,1.0,-75669.984375,56320.273438,2073.039063,143,
5,2.0,-65761.328125,49724.757813,577.504883,179,
5,2.0,-87356.71875,96031.789063,1130.607422,191,
5,0.0,-100572.359375,77383.460938,2192.448242,243,
5,1.0,-7130.78125,97265.367188,1329.640625,102,
5,2.0,-50078.527344,10145.524414,2247.66748,258,
5,1.0,-73470.453125,94899.71875,1500.382813,252,
5,0.0,-12249.6875,39711.511719,957.61377,33,
5,0.0,-11203.757813,69231.359375,882.602051,48,
5,0.0,-13289.46875,89750.054688,1390.676758,35,
5,0.0,-4392.90625,89740.828125,907.473633,102,
6,1.0,-97539.15625,43319.972656,4897.42041,210,
6,2.0,-69585.132813,36927.492188,4445.148438,271,
6,0.0,-93512.328125,74159.539063,3555.129883,220,
6,1.0,-41120.445313,96108.695313,2894.237793,260,
6,0.0,-1181.289063,70329.585938,699.888184,192,
6,1.0,-53850.03125,74011.875,1230.947754,273,
6,1.0,-73141.296875,82111.6875,599.786133,97,
6,0.0,-67871.65625,52545.695313,804.385742,270,
6,2.0,-1347.40625,76802.046875,937.98291,329,
6,2.0,-35001.75,93783.039063,1450.514648,333,
6,0.0,-46506.984375,89688.53125,1353.611328,223,
6,1.0,-45559.492188,6235.59082,679.571777,299,
6,1.0,-50850.675781,80693.53125,1318.268066,219,
6,2.0,-76389.828125,10976.116211,1736.991699,245,
6,2.0,-6826.234375,77918.734375,1112.314453,189,
6,1.0,-75922.242188,86064.6875,569.536133,171,
6,1.0,-82428.539063,65656.734375,5220.1875,307,
6,2.0,-93598.460938,48451.183594,7433.245117,306,
6,2.0,-90943.640625,5894.125,2699.45459,64,
6,2.0,-92358.726563,72633.710938,3686.430176,7,
6,1.0,-78038.710938,4608.246094,2200.635254,229,
6,2.0,-75580.773438,50450.757813,1008.013672,68,
6,2.0,-69028.328125,86344.632813,621.698242,46,
6,2.0,-18153.046875,98265.15625,1085.29834,157,
6,2.0,-96431.703125,58264.472656,5442.634766,56,
6,0.0,-100412.390625,21370.818359,6065.887695,358,
6,2.0,-58175.261719,12594.232422,831.642578,246,
6,0.0,-22385.984375,75617.6875,578.572754,147,
7,0.0,-67161.03125,55532.75,985.956055,183,
7,2.0,-37804.230469,83114.546875,701.761719,352,
7,1.0,-23290.40625,78773.9375,973.191895,274,
7,0.0,-48774.195313,79450.71875,987.707031,88,
7,2.0,-99606.40625,42197.136719,3735.135254,209,
7,2.0,-18845.203125,34155.777344,574.341309,310,
7,0.0,-19860.375,38204.144531,596.178711,147,
7,0.0,-92091.09375,8290.536133,2555.576172,103,
7,0.0,-62546.632813,80748.898438,1591.115234,6,
7,1.0,-66690.367188,75503.867188,1517.697266,329,
7,1.0,-56101.859375,23948.730469,648.198242,101,
7,0.0,-66668.828125,28476.992188,3815.172363,263,
7,1.0,-60430.164063,94324.460938,2956.721191,70,
7,0.0,-98726.59375,5048.151855,3256.001465,349,
7,1.0,-80256.695313,1501.217651,2561.642578,307,
7,1.0,-11446.78125,83905.148438,713.40332,327,
7,1.0,-69099.078125,46177.824219,1226.094727,247,
7,2.0,-51810.46875,10074.770508,1955.010742,164,
7,0.0,-55031.316406,94053.75,3960.847656,69,
7,0.0,-60694.722656,51610.507813,578.450195,163,
7,1.0,-89842.34375,12877.249023,3783.991699,58,
7,2.0,-12686.515625,77420.375,1203.568359,1,
7,1.0,-21053.960938,96314.804688,1135.829102,196,
7,2.0,-93493.867188,20761.71875,5933.232422,79,
7,1.0,-86969.109375,69259.046875,3639.091309,179,
7,0.0,-72390.6875,53200.9375,1111.262695,128,
7,0.0,-17288.617188,93063.195313,1186.156738,297,
7,2.0,-69271.351563,28353.941406,5360.782227,309,
8,0.0,-1261.265625,77241.953125,976.88623,96,
8,0.0,-12686.515625,84212.773438,731.791504,179,
8,0.0,-57698.441406,85437.132813,1666.824707,128,
8,0.0,-71769.28125,3199.316406,1535.779785,240,
8,0.0,-82311.640625,93666.140625,1073.80957,11,
8,0.0,-83779.023438,94632.085938,1146.880859,304,
8,0.0,-57030.890625,86400.0,1619.702148,212,
8,0.0,-76851.265625,57735.355469,2451.04834,183,
8,0.0,-3771.5,94056.828125,981.682617,150,
8,0.0,-96902.375,73741.171875,3764.103027,69,
8,0.0,-15279.8125,42557.058594,730.020508,280,
8,0.0,-64576.96875,85351.0,880.476563,75,
8,0.0,-33411.320313,83043.796875,748.623535,199,
8,0.0,-73181.28125,76426.742188,959.086914,140,
8,0.0,-56720.1875,68354.625,876.947266,252,
8,0.0,-68551.507813,59734.925781,1122.859375,228,
8,0.0,-93946.078125,71990.773438,4172.258789,243,
8,0.0,-74636.359375,56421.792969,1821.315918,192,
8,0.0,-6180.21875,47380.644531,625.537109,99,
8,0.0,-13529.421875,71563.164063,992.368652,42,
8,0.0,-81539.5,62654.304688,5273.330078,97,
8,0.0,-68640.71875,86599.960938,632.625488,53,
8,0.0,-85917.023438,56148.0,3773.36377,131,
8,0.0,-2297.96875,83702.117188,1038.320801,123,
8,0.0,-58039.90625,12861.866211,707.152832,36,
8,0.0,-83299.125,62881.945313,5106.006836,35,
8,0.0,-61140.78125,43209.230469,1778.181641,241,
8,0.0,-59676.480469,28689.253906,2943.245605,337,
8,0.0,-77909.507813,10471.609375,3446.999512,302,
8,0.0,-7121.554688,95198.125,947.038086,295,
8,0.0,-82714.632813,58655.160156,3970.287598,269,
8,0.0,-95853.367188,47654.433594,5130.668945,257,
8,0.0,-7143.085938,61820.636719,632.994629,272,
8,0.0,-97222.304688,5112.753906,3760.708984,288,
8,0.0,-98378.976563,4648.237793,3535.733398,92,
8,0.0,-25114.632813,98957.320313,1074.894043,20,
8,0.0,-83056.101563,22509.035156,6334.112305,205,
8,0.0,-19451.226563,84886.476563,898.463867,211,
8,0.0,-56129.542969,32063.917969,1883.775879,249,
8,0.0,-16042.726563,41480.367188,782.078613,9,
8,0.0,-3331.59375,43935.226563,1009.790527,161,
8,0.0,-63411.066406,13520.188477,1273.37207,298,
8,0.0,-58461.355469,47989.746094,612.790039,179,
8,0.0,-19115.914063,41317.324219,575.292969,14,
8,0.0,-79862.9375,88839.476563,899.915039,151,
8,0.0,-22081.4375,94662.851563,1148.494141,205,
8,0.0,-57412.347656,10265.499023,1670.283203,106,
8,0.0,-62063.660156,17288.613281,782.397949,103,
8,0.0,-2307.203125,37515.0625,792.906738,236,
8,0.0,-70237.296875,61223.839844,1263.114258,315,
8,0.0,-57793.804688,90017.6875,1494.003906,52,
8,0.0,-75131.640625,36869.046875,6054.113281,5,
8,0.0,-5238.882813,92958.59375,968.28125,126,
8,0.0,-16701.046875,97551.460938,1156.328613,266,
8,0.0,-64767.699219,15753.556641,630.798828,348,
8,0.0,-63970.945313,93090.882813,643.600098,354,
8,0.0,-58347.535156,23834.90625,1397.032715,201,
8,0.0,-60827.003906,12280.453125,1645.399902,272,
8,0.0,-87372.101563,57043.199219,4258.347168,171,
8,0.0,-62706.601563,14390.770508,1397.967773,141,
8,0.0,-82234.734375,77980.257813,924.557617,117,
8,0.0,-90752.914063,19165.134766,3939.899902,359,
8,0.0,-58304.464844,95315.015625,3370.45752,82,
8,0.0,-90617.5625,19820.380859,3965.928467,95,
8,0.0,-57341.59375,55877.292969,543.935547,166,
8,0.0,-59208.886719,48601.921875,616.792969,318,
8,0.0,-85326.382813,68354.625,4084.416504,48,
8,0.0,-85738.601563,75374.664063,1701.295898,34,
8,0.0,-90795.984375,4654.390137,2658.222168,335,
8,0.0,-56172.613281,22945.865234,574.340332,299,
8,0.0,-29369.109375,94807.4375,1192.954102,233,
8,0.0,-63918.648438,80844.265625,1319.979492,344,
8,0.0,-79275.367188,95594.960938,1429.59375,6,
8,0.0,-44695.066406,89227.085938,1223.541504,134,
8,0.0,-60897.757813,75513.101563,2342.795898,140,
8,0.0,-88547.234375,87199.828125,1074.574219,324,
8,0.0,-99163.429688,39754.582031,7963.333496,113,
8,0.0,-86566.117188,91091.304688,1062.464844,65,
8,0.0,-59550.351563,44768.894531,1277.842773,173,
8,0.0,-52001.195313,98582.015625,4341.024902,348,
8,0.0,-87353.640625,17516.257813,5942.612305,320,
8,0.0,-95330.398438,65410.636719,5938.198242,119,
8,0.0,-71015.59375,53631.613281,959.515625,305,
8,0.0,-59827.21875,42572.441406,1780.904785,10,
8,0.0,-38416.40625,78730.867188,510.781738,302,
8,0.0,-66693.4375,32829.910156,5249.943359,93,
8,0.0,-97963.679688,2864.003418,4339.409668,291,
8,0.0,-34804.875,85289.46875,666.85791,264,
8,0.0,-49217.175781,93010.890625,3562.22168,247,
8,0.0,-61260.753906,83840.546875,1301.273926,138,
9,0.0,-100163.210938,46408.542969,3188.580078,194,
9,0.0,-76691.304688,91709.632813,1151.075195,177,
9,0.0,-69708.179688,31823.96875,6320.078125,255,
9,0.0,-69191.367188,72470.671875,1347.164063,92,
9,0.0,-55711.171875,30618.072266,1563.792969,341,
9,0.0,-58793.589844,1581.200562,1520.759766,137,
9,0.0,-81022.6875,60273.273438,4500.796387,84,
9,0.0,-12341.976563,37733.476563,1096.431152,42,
9,0.0,-39649.988281,99228.03125,4330.834961,327,
9,0.0,-92937.0625,10111.685547,2231.211426,274,
9,0.0,-32442.296875,100009.398438,1901.833008,23,
9,0.0,-6767.78125,85018.757813,1194.680664,241,
9,0.0,-98665.070313,15079.854492,3397.595703,343,
9,0.0,-4645.164063,69259.046875,974.613281,191,
9,0.0,-9081.132813,70449.5625,1055.40918,300,
9,0.0,-84212.773438,52573.382813,4010.312256,312,
9,0.0,-54293.015625,9570.262695,1540.708008,286,
9,0.0,-32396.15625,84923.390625,809.668945,103,
9,0.0,-53413.203125,82570.046875,1720.415527,84,
9,0.0,-18177.65625,98726.59375,1108.841797,30,
9,0.0,-61263.832031,44805.808594,1551.766113,59,
9,0.0,-61023.882813,51050.628906,543.653809,299,
10,0.0,-5294.257813,74008.804688,901.638184,165,
10,0.0,-60885.453125,23951.806641,1868.972168,353,
10,0.0,-50607.648438,1021.320251,4238.269043,318,
10,0.0,-47116.085938,84775.734375,1335.04541,168,
10,0.0,-62482.035156,95130.4375,1365.932129,255,
10,0.0,-40735.910156,4614.398438,1686.973633,197,
10,0.0,-61676.054688,86027.773438,1136.649902,50,
10,0.0,-65995.125,54680.625,922.351563,266,
10,0.0,-99738.6875,61516.082031,6113.012695,124,
10,0.0,-87086.007813,17334.757813,6304.758789,1,
10,0.0,-48829.566406,95204.273438,3927.139404,277,
10,0.0,-15728.945313,79924.460938,1074.03418,249,
10,0.0,-61605.296875,40271.394531,2610.121094,201,
10,0.0,-94727.453125,7579.918945,3095.227539,325,
10,0.0,-68166.96875,3168.553955,1301.724121,77,
10,0.0,-95514.976563,85917.023438,1147.853516,242,
10,0.0,-81210.34375,1802.691772,2209.221191,354,
10,0.0,-81281.09375,86599.960938,739.376465,149,
10,0.0,-85184.875,99455.671875,2539.874023,11,
10,0.0,-41812.601563,2987.054199,1896.625488,213,
10,0.0,-71067.890625,87307.492188,672.791016,353,
10,0.0,-55283.574219,82511.601563,2008.84375,46,
10,0.0,-47383.722656,92730.953125,2958.996094,18,
10,0.0,-70849.476563,35447.808594,5162.179688,251,
10,0.0,-6475.539063,44516.640625,817.097656,346,
10,0.0,-72249.179688,97286.90625,1578.279297,246,
10,0.0,-4288.3125,67957.789063,971.473145,301,
10,0.0,-56347.957031,92949.367188,3635.95459,258,
10,0.0,-92481.78125,74999.359375,3130.586914,139,
10,0.0,-41046.609375,2119.547119,2009.329102,211,
10,0.0,-72350.695313,50607.648438,853.138672,71,
10,0.0,-29399.867188,91198.976563,891.97168,27,
10,0.0,-10757.703125,72298.398438,1142.282227,106,
10,0.0,-1667.335938,100406.234375,5544.879883,281,
10,0.0,-63254.175781,49669.386719,620.457031,334,
10,0.0,-95638.023438,51662.804688,5607.830078,173,
10,0.0,-73448.921875,81127.28125,631.027344,67,
10,0.0,-58184.492188,85295.617188,1634.772461,152,
10,0.0,-75343.898438,7985.985352,946.244141,206,
10,0.0,-27815.59375,93026.273438,1034.239746,341,
10,0.0,-59602.652344,23296.560547,1538.289063,292,
10,0.0,-91020.554688,80601.234375,1873.535645,85,
10,0.0,-77281.945313,11302.200195,2887.574707,297,
10,0.0,-41686.480469,3100.875977,1874.106934,354,
10,0.0,-77005.085938,96911.601563,1454.980469,19,
10,0.0,-2497.929688,77774.148438,847.061035,71,
10,0.0,-59467.292969,62079.039063,669.735352,192,
10,0.0,-92131.085938,52902.542969,5870.894531,214,
10,0.0,-61574.535156,10834.607422,1612.407227,235,
10,0.0,-71473.960938,41578.808594,2210.174805,164,
10,0.0,-93619.992188,14246.186523,2331.223145,1,
10,0.0,-79939.84375,11397.564453,5899.037109,86,
10,0.0,-52044.265625,94859.734375,4335.530273,112,
10,0.0,-33039.09375,87073.703125,916.519043,316,
10,0.0,-66616.53125,82948.429688,860.595215,85,
10,0.0,-92937.0625,92097.242188,852.924805,72,
10,0.0,-58618.246094,47257.59375,702.438477,213,
10,0.0,-2605.59375,95474.984375,1268.458496,125,
10,0.0,-60297.886719,41837.214844,1969.473145,6,
10,0.0,-65330.65625,36939.796875,4536.765625,257,
10,0.0,-69403.632813,26778.892578,4395.343262,15,
10,0.0,-76814.359375,61608.375,3723.091309,168,
10,0.0,-84160.476563,64952.277344,4945.963867,356,
10,0.0,-23518.046875,86882.96875,827.352051,176,
10,0.0,-100221.664063,11428.327148,3089.476074,254,
10,0.0,-90199.1875,57516.941406,4571.007813,36,
10,0.0,-64693.867188,42409.398438,2283.462891,148,
10,0.0,-71304.765625,50275.410156,789.424316,137,
10,0.0,-53440.890625,1562.743042,4779.009766,67,
10,0.0,-4734.375,88421.109375,999.151855,231,
10,0.0,-6423.242188,96062.554688,887.142578,115,
10,0.0,-26477.414063,95684.171875,1151.62793,99,
10,0.0,-82062.46875,56101.859375,2806.98584,51,
10,0.0,-53105.578125,3466.95166,4296.911133,336,
10,0.0,-16018.117188,98225.164063,1252.539063,264,
10,0.0,-28455.460938,81782.523438,936.157227,31,
10,0.0,-59953.34375,85120.273438,1401.943359,281,
10,0.0,-91746.546875,89519.335938,1013.597656,304,
10,0.0,-72996.710938,70892.546875,2132.474121,241,
10,0.0,-77706.46875,68597.648438,4142.001953,9,
10,0.0,-89193.25,25997.521484,7375.200684,73,
10,0.0,-68154.664063,91322.023438,830.680664,236,
10,0.0,-58402.90625,92297.203125,3011.378418,174,
10,0.0,-84197.390625,16556.460938,7928.873535,95,
10,0.0,-80327.453125,73175.132813,2141.885254,346,
10,0.0,-94241.398438,11902.072266,2363.441895,104,
10,0.0,-66416.578125,43363.039063,2174.022461,281,
10,0.0,-2328.734375,95917.96875,1339.177734,121,
10,0.0,-78832.390625,87516.6875,873.946289,264,
10,0.0,-88261.140625,1202.819946,1689.280273,336,
10,0.0,-75559.242188,71473.960938,2678.424316,177,
10,0.0,-74411.796875,35632.386719,6893.741211,261,
10,0.0,-76282.164063,24616.279297,7854.841797,271,
10,0.0,-5346.546875,100387.78125,3430.043457,206,
10,0.0,-74799.40625,96727.023438,1442.89502,234,
10,0.0,-86030.851563,84984.921875,863.537598,240,
10,0.0,-28286.265625,84575.773438,905.106445,6,
10,0.0,-88694.890625,12022.045898,4694.584961,315,
10,0.0,-82908.4375,62869.640625,5165.900391,317,
10,0.0,-61860.625,53702.371094,740.519531,360,
10,0.0,-96271.734375,78598.585938,3028.645996,163,
10,0.0,-16454.945313,43569.152344,501.634277,64,
10,0.0,-59937.960938,9185.729492,2217.811523,101,
10,0.0,-54902.117188,71932.320313,1354.652832,63,
10,0.0,-59519.589844,77205.039063,2264.698242,274,
10,0.0,-85243.328125,11366.801758,6813.314941,133,
10,0.0,-19995.726563,34844.863281,515.750488,258,
10,0.0,-31700.921875,96954.664063,1488.624023,39,
10,0.0,-64733.863281,59208.886719,978.580078,116,
10,0.0,-62595.855469,66850.335938,1371.374512,36,
11,0.0,-97222.304688,95001.242188,750.832031,339,
11,0.0,-96065.625,71627.773438,4493.37207,125,
11,0.0,-26954.242188,80161.335938,849.583008,115,
11,0.0,-89913.09375,89322.453125,1086.59668,27,
11,0.0,-69985.046875,58590.558594,1128.705078,311,
11,0.0,-97065.414063,50672.246094,4616.849609,89,
11,0.0,-93340.054688,56572.523438,5217.640625,133,
11,0.0,-67933.171875,41738.773438,2604.613281,116,
11,0.0,-78494.0,56501.773438,2375.132324,273,
11,0.0,-20238.75,36392.226563,542.48584,235,
11,0.0,-6509.375,99209.570313,2607.217285,23,
11,0.0,-46457.765625,94044.523438,3386.150879,38,
11,0.0,-1039.773438,87156.765625,933.31543,299,
11,0.0,-78949.28125,50352.320313,1584.962402,12,
11,0.0,-48143.5625,7721.427246,2267.164551,147,
11,0.0,-69785.09375,70160.390625,1586.637695,237,
11,0.0,-63614.097656,65416.789063,1168.410156,110,
11,0.0,-48254.304688,94447.515625,3628.407715,332,
11,0.0,-67797.820313,54043.832031,910.165527,143,
11,0.0,-9573.34375,34125.015625,845.174805,80,
11,0.0,-87236.742188,51385.941406,6541.915039,360,
11,0.0,-45547.1875,97560.695313,4250.720703,61,
11,0.0,-84788.039063,23364.238281,6194.904297,87,
11,0.0,-16617.984375,73587.351563,867.431641,57,
11,0.0,-63051.144531,44039.820313,1787.107422,213,
11,0.0,-65047.640625,65850.539063,1296.806641,12,
11,0.0,-68689.9375,83542.148438,700.049316,35,
11,0.0,-80010.59375,12603.460938,6327.355469,93,
11,0.0,-86495.359375,9087.289063,4477.382324,65,
11,0.0,-67656.3125,31876.265625,5438.054688,100,
11,0.0,-68459.21875,60962.359375,1132.554199,142,
11,0.0,-3534.632813,36930.570313,789.179688,301,
11,0.0,-21638.453125,75103.953125,540.710938,307,
11,0.0,-6081.78125,68779.148438,1007.55957,58,
11,0.0,-54591.414063,89.211708,4028.148926,25,
11,0.0,-71597.007813,94530.570313,1292.996094,209,
11,0.0,-20792.484375,37225.890625,504.59668,70,
11,0.0,-76519.03125,87575.132813,800.010254,167,
11,0.0,-66271.992188,26329.757813,2675.760742,276,
11,0.0,-83868.234375,46559.28125,7433.709961,175,
11,0.0,-412.21875,64653.875,1073.717773,214,
11,0.0,-60217.902344,76426.742188,2300.175293,297,
11,0.0,-78337.109375,50376.929688,1432.804688,271,
11,0.0,-82050.15625,85517.109375,688.119141,128,
11,0.0,-74651.742188,75227.0,1104.426758,287,
11,0.0,-69212.90625,45091.902344,1346.199219,277,
11,0.0,-55182.054688,100492.367188,5445.347656,60,
11,0.0,-58209.101563,12683.444336,818.429688,141,
11,0.0,-88916.382813,87858.148438,1093.074707,89,
11,0.0,-58230.636719,37524.289063,2668.586426,225,
11,0.0,-19011.328125,87101.382813,640.97998,296,
11,0.0,-73575.046875,63401.835938,2941.167969,283,
11,0.0,-100353.945313,23296.560547,7942.36377,280,
11,0.0,-79140.015625,79386.109375,621.492188,88,
11,0.0,-74685.578125,5749.540527,1329.416504,250,
11,0.0,-70815.640625,94465.96875,1201.193848,121,
11,0.0,-86547.65625,82554.664063,652.292969,298,
11,0.0,-93093.953125,49832.429688,7567.844238,189,
11,0.0,-81884.046875,47823.628906,4333.877441,5,
11,0.0,-31085.664063,96037.945313,1407.956055,153,
11,0.0,-88239.609375,61165.394531,4878.883301,18,
11,0.0,-20020.335938,84855.710938,891.779297,115,
11,0.0,-7419.953125,79358.429688,1023.196289,56,
11,0.0,-27994.015625,80478.1875,882.828125,123,
11,0.0,-86018.546875,59156.585938,4801.140137,65,
11,0.0,-66056.65625,21580.003906,1252.23877,182,
11,0.0,-58439.820313,4399.060059,1924.963379,89,
11,0.0,-84523.476563,8059.816406,4270.590332,272,
11,0.0,-66327.367188,5223.499023,871.933594,105,
12,0.0,-100747.703125,61651.441406,5883.341797,121,
12,0.0,-60036.402344,30962.615234,2970.026367,94,
12,0.0,-75313.140625,79613.757813,755.789551,136,
12,0.0,-42713.949219,85529.414063,1066.193359,200,
12,0.0,-61903.695313,29716.728516,3600.117188,67,
12,0.0,-82579.28125,79546.078125,589.573242,120,
12,0.0,-53720.828125,882.888245,4991.257813,6,
12,0.0,-64401.621094,28895.365234,4137.183594,66,
12,0.0,-30713.4375,88451.867188,936.500977,335,
12,0.0,-55022.089844,29267.591797,1072.502441,357,
12,0.0,-55028.242188,93413.882813,3954.327148,50,
12,0.0,-85603.25,60731.636719,4857.415527,266,
12,0.0,-23884.125,86907.578125,815.040039,307,
12,0.0,-46799.234375,78604.742188,751.186035,349,
12,0.0,-1593.507813,43033.882813,1137.194824,181,
12,0.0,-70135.78125,78247.890625,926.469238,204,
12,0.0,-75119.335938,81533.34375,639.3125,261,
12,0.0,-21078.570313,74716.34375,538.344238,313,
12,0.0,-70320.359375,4125.272461,524.31543,67,
12,0.0,-45344.15625,3968.382568,1444.219238,124,
12,0.0,-12794.1875,43852.167969,538.005859,215,
12,0.0,-52721.042969,76045.289063,1252.764648,282,
12,0.0,-78229.4375,93583.078125,1422.96875,63,
12,0.0,-53314.761719,70511.085938,579.064941,49,
12,0.0,-50047.765625,7395.342285,1311.736328,301,
12,0.0,-54689.855469,25705.275391,495.558105,290,
12,0.0,-61079.253906,519.888916,2179.590332,149,
12,0.0,-72606.023438,95379.617188,1492.244629,17,
12,0.0,-96807.007813,90023.835938,1135.618164,337,
12,0.0,-84058.960938,78567.828125,902.175293,196,
12,0.0,-54222.261719,10766.930664,1162.119141,150,
12,0.0,-670.625,39874.554688,1026.68457,80,
12,0.0,-7866.015625,41415.765625,1050.960938,223,
12,0.0,-72673.703125,90897.5,910.185547,347,
12,0.0,-33355.945313,85824.742188,778.005859,261,
12,0.0,-94816.664063,9059.602539,2410.013184,276,
12,0.0,-71960.007813,81361.078125,671.666992,203,
12,0.0,-39717.667969,94788.976563,1645.572266,209,
12,0.0,-89753.132813,74134.929688,2758.723145,161,
12,0.0,-22226.023438,98914.25,998.417969,256,
12,0.0,-10277.804688,42452.464844,813.161621,64,
12,0.0,-2159.539063,84240.460938,1040.932617,17,
12,0.0,-4045.289063,39674.597656,925.410156,128,
12,0.0,-49017.21875,86018.546875,1583.269531,1,
12,0.0,-14802.992188,37551.976563,908.672363,326,
12,0.0,-34220.382813,89796.195313,1192.722656,315,
12,0.0,-84132.789063,21198.546875,5949.477539,149,
12,0.0,-92334.117188,81028.84375,1971.111816,268,
12,0.0,-70243.453125,36207.648438,4707.679199,91,
12,0.0,-61952.914063,78020.25,2236.43457,144,
12,0.0,-43372.269531,82170.132813,846.435547,196,
12,0.0,-2983.976563,46820.765625,998.163574,359,
12,0.0,-95585.726563,3288.528076,4371.452637,78,
12,0.0,-67019.53125,50518.4375,560.385254,68,
12,0.0,-95573.421875,44547.40625,6555.569336,57,
12,0.0,-67594.789063,87836.617188,607.99707,69,
12,0.0,-68065.453125,86203.117188,674.422852,128,
12,0.0,-10816.148438,98222.09375,1365.050293,78,
12,0.0,-76802.046875,14387.694336,2563.618652,341,
12,0.0,-94250.632813,72879.8125,3996.414063,356,
12,0.0,-15725.875,81717.921875,967.594727,346,
12,0.0,-95299.640625,21.533861,5167.795898,143,
12,0.0,-17547.015625,38284.128906,793.188965,109,
12,0.0,-75306.984375,57197.011719,2092.922363,223,
12,0.0,-48235.847656,13587.866211,1177.892578,265,
12,0.0,-100092.460938,89903.867188,823.176758,178,
12,0.0,-81970.171875,75956.078125,1300.959473,171,
12,0.0,-89377.828125,54126.894531,4786.406738,205,
12,0.0,-69714.335938,23111.984375,2225.528809,165,
12,0.0,-72962.875,53287.078125,1202.506836,237,
12,0.0,-68179.28125,92014.179688,884.709473,121,
12,0.0,-59055.074219,33260.585938,2828.149414,347,
12,0.0,-98458.960938,50352.320313,3979.699951,32,
12,0.0,-44341.292969,92598.671875,1675.916992,190,
12,0.0,-87187.523438,1073.616699,1222.989746,86,
12,0.0,-79709.125,50223.113281,1946.029785,87,
12,0.0,-81167.273438,57778.421875,2844.141602,210,
12,0.0,-59605.726563,92414.09375,2396.222168,273,
12,0.0,-61110.019531,40757.445313,2357.409668,249,
12,0.0,-58652.082031,44261.3125,1200.995605,39,
13,2.0,-88079.640625,82656.1875,766.695801,296,
13,1.0,-72381.453125,2897.842285,1699.50293,143,
13,0.0,-88147.320313,75916.085938,1927.834473,204,
13,0.0,-14501.515625,34620.296875,952.56543,227,
13,0.0,-63177.269531,53164.023438,775.107422,211,
13,2.0,-96176.375,53376.285156,4382.37207,169,
13,1.0,-75067.039063,58713.605469,2151.727051,173,
13,0.0,-2839.390625,74205.679688,641.349609,279,
13,1.0,-94241.398438,94998.164063,942.635254,249,
13,0.0,-79982.90625,100366.25,3126.628906,65,
13,2.0,-88765.648438,60980.816406,4962.439453,143,
13,1.0,-77608.03125,97283.828125,1499.635742,129,
13,0.0,-11680.578125,40991.238281,860.297363,56,
13,1.0,-81930.1875,12864.942383,6931.418457,113,
13,0.0,-82591.578125,4497.500488,1676.599121,26,
13,0.0,-82456.226563,69572.820313,3930.115723,54,
13,1.0,-91589.65625,23173.509766,6317.892578,139,
13,1.0,-61636.058594,53665.457031,735.959961,158,
13,2.0,-19109.765625,40129.886719,641.900391,202,
13,1.0,-70197.3125,61473.015625,1279.004883,107,
13,2.0,-26068.273438,99704.84375,1114.797852,112,
13,2.0,-68812.984375,46909.976563,1114.839355,39,
13,1.0,-67225.640625,47436.019531,1094.054688,254,
13,0.0,-31823.96875,81785.601563,828.225098,142,
13,1.0,-41781.839844,99024.992188,4263.803711,82,
13,0.0,-4842.046875,77921.8125,860.651855,195,
14,0.0,-93140.101563,15661.268555,2191.470703,59,
14,1.0,-94853.578125,5955.650391,3791.020996,155,
14,1.0,-61903.695313,56264.902344,832.299805,246,
14,1.0,-89482.421875,87716.640625,1114.756348,223,
14,0.0,-16334.96875,85317.148438,725.438477,140,
14,1.0,-37859.601563,80681.226563,645.170898,145,
14,0.0,-54185.34375,71532.40625,1056.036621,135,
14,1.0,-97265.367188,45501.046875,4176.686035,143,
14,1.0,-63189.574219,17307.072266,751.923828,130,
14,0.0,-64583.121094,15858.149414,657.094238,190,
14,1.0,-69680.5,54142.277344,929.267578,177,
14,0.0,-33374.40625,92881.695313,1330.23877,127,
14,1.0,-86464.601563,3457.722656,1248.984375,36,
14,0.0,-45737.917969,87938.132813,1398.453613,152,
14,1.0,-88707.203125,69354.40625,3916.848389,93,
14,1.0,-74233.367188,63509.507813,3168.103027,228,
14,1.0,-57206.238281,54206.875,491.772461,184,
14,1.0,-98969.625,1867.293457,4907.854492,309,
14,0.0,-49211.023438,92275.671875,3158.066406,172,
14,0.0,-99824.820313,81607.171875,1520.021973,273,
14,1.0,-70381.882813,64838.453125,1893.523926,148,
14,0.0,-53287.074219,97339.195313,4292.87207,72,
14,0.0,-46.140625,90516.046875,1073.741699,257,
14,0.0,-24373.257813,95151.976563,1203.87207,70,
14,1.0,-84501.945313,55658.878906,3313.790039,126,
14,1.0,-42363.253906,6995.428223,553.309082,350,
14,0.0,-60583.976563,56953.984375,819.691895,6,
14,0.0,-489.125,60467.078125,1336.415039,86,
15,0.0,-48844.945313,94545.953125,3756.341309,10,
15,0.0,-79850.625,53683.914063,2142.475586,304,
15,0.0,-83917.453125,56307.96875,3338.29834,281,
15,0.0,-25360.734375,89651.609375,561.434082,132,
15,0.0,-65182.996094,54545.269531,886.907715,24,
15,0.0,-42452.46875,99698.695313,4361.812012,12,
15,0.0,-79066.179688,54345.3125,2086.643555,77,
15,0.0,-43449.179688,78410.9375,471.670898,305,
15,0.0,-90328.390625,805.981628,2645.370605,154,
15,0.0,-87655.117188,82425.46875,710.291016,49,
15,0.0,-92051.101563,75925.320313,2849.577637,213,
15,0.0,-16925.617188,89110.195313,922.802734,347,
15,0.0,-75968.382813,3371.587158,2407.597656,289,
15,0.0,-57070.882813,25453.023438,1305.973633,105,
15,0.0,-9527.195313,77457.289063,1245.873047,353,
15,0.0,-58836.660156,59861.054688,635.737793,268,
15,0.0,-29928.992188,96499.382813,1279.338867,98,
15,0.0,-79361.5,77989.492188,833.748535,280,
15,0.0,-92521.765625,57067.808594,5042.848633,236,
15,0.0,-29436.789063,87873.53125,880.289063,167,
15,0.0,-67597.859375,84166.632813,767.345703,101,
15,0.0,-74648.664063,63017.304688,3315.245605,358,
15,0.0,-71990.765625,38025.71875,4762.077148,140,
15,0.0,-1818.070313,51887.378906,1136.912109,65,
15,0.0,-25591.453125,97573.0,1134.018555,90,
16,2.0,-66155.09375,5728.006836,628.140137,246,
16,2.0,-25926.773438,90408.375,612.074219,137,
16,1.0,-13529.421875,90626.789063,1427.641602,359,
16,3.0,-87525.914063,79829.09375,897.250488,142,
16,2.0,-58855.117188,81284.171875,2072.236816,67,
16,0.0,-65795.171875,47134.542969,966.90332,93,
16,0.0,-63897.117188,46473.144531,1241.72998,25,
16,3.0,-69274.429688,37481.222656,4336.116699,235,
16,1.0,-96357.875,49097.203125,4853.587402,325,
16,2.0,-83142.234375,74399.484375,1658.442871,32,
16,3.0,-4546.71875,82151.671875,943.323242,80,
16,3.0,-81056.53125,76835.890625,1042.794922,320,
16,3.0,-72867.507813,91968.039063,1026.721191,64,
16,3.0,-79463.015625,23622.644531,7275.351074,240,
16,1.0,-84314.289063,91586.585938,948.945313,104,
16,0.0,-19928.046875,39093.183594,578.350098,292,
16,0.0,-47703.652344,85793.976563,1536.572266,21,
16,2.0,-42366.332031,98785.046875,4273.318359,289,
16,1.0,-6872.375,98277.460938,2454.248047,206,
16,3.0,-4239.09375,97130.015625,1287.757324,349,
16,2.0,-69114.460938,36733.6875,4361.229492,27,
16,1.0,-66853.40625,53822.34375,904.618652,84,
16,0.0,-66505.789063,89020.976563,568.118164,202,
16,2.0,-19980.351563,90466.828125,743.806641,9,
16,1.0,-83449.859375,96240.976563,1192.518066,166,
16,2.0,-82591.578125,53308.609375,2866.953613,324,
16,0.0,-92764.796875,82299.335938,1723.060059,312,
17,0.0,-91614.273438,96511.6875,1517.085938,327,
17,0.0,-3433.109375,57578.464844,1069.154297,0,
17,0.0,-27895.578125,97711.429688,1113.631836,288,
17,0.0,-64616.960938,40219.101563,3175.01709,149,
17,0.0,-12757.273438,35506.261719,1051.456543,87,
17,0.0,-80112.109375,50850.671875,2108.929199,110,
17,0.0,-12388.125,83969.75,725.218262,341,
17,0.0,-70763.34375,72750.609375,1430.61377,335,
17,0.0,-37684.253906,83065.328125,694.805176,269,
17,0.0,-68776.078125,67373.296875,1437.162598,25,
17,0.0,-51004.484375,90568.34375,2050.212402,119,
17,0.0,-86283.101563,75220.851563,1800.72998,326,
17,0.0,-28193.976563,99000.382813,1105.916992,145,
17,0.0,-67530.1875,67364.070313,1504.03125,198,
17,0.0,-65530.613281,63081.902344,910.476563,15,
17,0.0,-80841.1875,94096.820313,1261.290039,111,
17,0.0,-50561.503906,81053.453125,1308.383301,206,
17,0.0,-5085.070313,93450.804688,944.513184,49,
17,0.0,-72735.226563,7407.647949,481.286133,213,
17,0.0,-32076.226563,87722.796875,971.044434,49,
17,0.0,-88276.523438,2713.266357,1550.796387,267,
17,0.0,-95739.546875,72679.851563,4253.94873,288,
17,0.0,-86569.195313,56317.195313,3947.45166,14,
17,0.0,-69883.53125,53696.21875,878.675781,298,
17,0.0,-67696.304688,72027.6875,1566.625,68,
17,0.0,-46623.886719,85437.132813,1331.657715,69,
17,0.0,-82523.90625,87848.921875,745.575195,168,
17,0.0,-36656.78125,91700.40625,1266.932617,139,
18,0.0,-96191.75,7512.240723,3013.931152,128,
18,0.0,-44578.164063,83889.765625,971.943359,152,
18,0.0,-78309.421875,80142.875,604.3125,192,
18,0.0,-9394.914063,71427.8125,1063.782715,336,
18,0.0,-56314.121094,96308.648438,3889.40918,186,
18,0.0,-71283.234375,79429.179688,772.334961,355,
18,0.0,-30876.476563,80791.96875,827.154785,79,
18,0.0,-67237.9375,2762.486572,1680.326172,64,
18,0.0,-9164.195313,97972.914063,1190.679688,80,
18,0.0,-99547.960938,62872.71875,5909.722656,116,
18,0.0,-77934.117188,44076.738281,2430.409668,219,
18,0.0,-73012.09375,82788.460938,572.357422,254,
18,0.0,-40375.988281,94201.40625,1646.089844,103,
18,0.0,-92177.226563,55083.617188,4807.321289,115,
18,0.0,-84111.257813,13369.451172,7283.77832,347,
18,0.0,-87593.59375,76026.828125,1802.287598,221,
18,0.0,-498.359375,67314.851563,894.24707,325,
18,0.0,-23115.054688,100796.921875,1285.549316,340,
18,0.0,-63614.097656,69486.6875,1820.931152,306,
18,0.0,-57852.253906,96819.3125,4166.470703,13,
19,0.0,-81785.601563,49758.597656,3702.68457,10,
19,0.0,-88977.914063,73458.148438,2770.32959,120,
19,0.0,-55720.402344,9296.475586,1662.948242,306,
19,0.0,-44162.871094,87578.210938,1272.243164,133,
19,0.0,-67890.109375,34912.542969,4731.520996,313,
19,0.0,-87799.703125,5943.345215,2196.908203,52,
19,0.0,-86443.070313,97517.625,1841.875977,5,
19,0.0,-57289.296875,42840.078125,1199.900391,255,
19,0.0,-5008.15625,78724.71875,837.79248,81,
19,0.0,-95358.085938,18217.646484,3348.981934,137,
19,0.0,-13012.601563,93195.46875,1348.578125,264,
19,0.0,-58479.8125,88984.0625,1373.57959,329,
19,0.0,-90596.023438,9797.90625,2355.994141,198,
19,0.0,-57889.167969,95834.90625,3581.968262,35,
19,0.0,-78355.5625,59996.414063,3407.522461,213,
19,0.0,-2457.929688,51672.03125,960.528809,108,
19,0.0,-100203.203125,48555.777344,3406.515625,117,
19,0.0,-87270.585938,66407.34375,4696.503906,211,
19,0.0,-32820.679688,88436.484375,1065.916992,62,
19,0.0,-67693.234375,38342.578125,4144.568848,283,
20,0.0,-97373.039063,8628.925781,2260.456543,204,
20,0.0,-61863.703125,4380.602539,1471.955566,166,
20,1.0,-67957.78125,44664.304688,1431.171875,209,
20,1.0,-73624.265625,46380.859375,1541.323242,220,
20,0.0,-5248.109375,43486.09375,894.89209,166,
20,1.0,-53711.601563,2174.919922,4874.958008,269,
20,0.0,-75085.5,22647.46875,4829.124512,227,
20,1.0,-27009.609375,81822.515625,884.775391,318,
20,1.0,-7401.5,70911.0,1052.631836,0,
20,1.0,-74707.109375,38145.695313,4776.367188,302,
20,0.0,-2891.695313,95742.617188,1226.45166,11,
20,0.0,-6137.148438,86556.890625,1168.775391,200,
20,1.0,-7419.953125,99064.984375,2595.438965,98,
20,1.0,-71194.015625,55043.625,1038.758789,89,
20,0.0,-82674.640625,70926.382813,3171.516113,40,
20,1.0,-87867.375,62592.78125,5085.118164,262,
20,0.0,-42686.265625,97745.265625,4119.009277,106,
20,1.0,-46245.503906,8973.467773,1236.34375,358,
20,0.0,-60107.15625,25043.878906,2104.509277,8,
20,0.0,-80164.40625,13606.323242,6730.150391,146,
21,0.0,-79601.453125,49601.710938,1992.118652,171,
21,0.0,-91589.65625,81477.976563,1771.717285,67,
21,0.0,-95770.304688,22284.46875,5842.780273,327,
21,0.0,-72316.859375,5361.931152,810.772461,220,
21,0.0,-69283.65625,39099.335938,3988.310791,106,
21,0.0,-47820.550781,95693.398438,3933.031006,129,
21,0.0,-81038.070313,95004.320313,1224.962891,33,
21,0.0,-19734.242188,90079.21875,714.335938,43,
21,0.0,-13018.757813,86990.640625,933.404297,13,
21,0.0,-87728.945313,3728.434082,1602.564941,316,
21,0.0,-7343.046875,65773.640625,844.574707,90,
21,0.0,-88504.164063,87319.804688,1071.885742,287,
21,0.0,-14713.78125,94979.703125,1306.648438,32,
21,0.0,-99424.90625,538.346497,5964.738281,232,
21,0.0,-80585.859375,42492.460938,6658.722656,147,
21,0.0,-74494.851563,44504.335938,1734.501953,336,
21,0.0,-85963.171875,4414.441406,1424.870605,228,
21,0.0,-54486.820313,82459.304688,1882.844727,270,
21,0.0,-13286.398438,37939.585938,1020.305176,26,
21,0.0,-66628.84375,33088.3125,5225.930664,274,
21,0.0,-60187.136719,9570.262695,1849.52002,0,
21,0.0,-28864.601563,83194.53125,931.122559,204,
21,0.0,-62226.703125,5401.922852,1519.777832,174,
21,0.0,-74993.203125,70732.578125,2647.851074,158,
21,0.0,-73052.078125,98778.898438,1503.902344,267,
21,0.0,-11717.5,78081.78125,1196.500977,53,
21,0.0,-81733.304688,53717.753906,2583.565918,304,
21,0.0,-55545.054688,9311.856445,1677.983398,83,
21,0.0,-36718.3125,5328.092285,533.308105,315,
22,0.0,-19835.765625,79727.578125,981.250977,61,
22,0.0,-68185.429688,22499.806641,1418.596191,176,
22,0.0,-64666.183594,24579.363281,1993.904297,109,
22,0.0,-75082.421875,49924.714844,978.790039,47,
22,0.0,-75110.109375,66954.921875,3119.931641,67,
22,0.0,-83406.796875,94678.234375,1139.897461,319,
22,0.0,-64253.964844,84234.3125,939.793945,115,
22,0.0,-83486.773438,13790.899414,7285.659668,276,
22,0.0,-74101.09375,38287.203125,4635.116699,337,
22,0.0,-94669.0,85941.640625,1146.967773,310,
22,0.0,-73501.21875,85766.289063,588.836914,238,
22,0.0,-61891.390625,19331.253906,1017.962891,311,
22,0.0,-12538.859375,74159.539063,1188.247559,47,
22,0.0,-39154.710938,94013.757813,1568.288086,62,
22,0.0,-89510.101563,96330.1875,1270.481445,287,
22,0.0,-25188.460938,82517.75,906.740234,345,
22,0.0,-18642.171875,94173.71875,1115.148438,59,
22,0.0,-79715.273438,98957.320313,2548.299805,189,
22,0.0,-75633.070313,19629.652344,2050.89502,211,
22,0.0,-96231.742188,1073.616699,5266.884766,159,
22,0.0,-68551.507813,75706.90625,1215.274902,248,
22,0.0,-83600.601563,82062.46875,496.120117,168,
22,0.0,-69459.007813,44938.089844,1385.05957,53,
22,0.0,-11622.132813,83443.710938,707.458984,122,
22,0.0,-81727.15625,12169.707031,6805.719727,101,
22,0.0,-96690.109375,50383.082031,4721.896973,94,
22,0.0,-86695.320313,71993.851563,2707.830566,126,
22,0.0,-66238.15625,67031.828125,1555.026367,178,
23,0.0,-95674.9375,25908.310547,7645.442871,126,
23,0.0,-9764.070313,38963.984375,1088.399414,316,
23,1.0,-60439.394531,15928.904297,736.774414,254,
23,0.0,-77958.726563,96197.90625,1494.748535,217,
23,1.0,-83757.484375,79887.546875,603.725098,347,
23,1.0,-6767.78125,74907.070313,1083.0625,357,
23,1.0,-23222.726563,95339.625,1219.862793,294,
23,0.0,-55188.207031,84655.757813,1806.249512,237,
23,1.0,-96234.820313,24210.210938,6862.58252,200,
23,1.0,-97908.3125,22087.587891,6175.0625,89,
23,0.0,-1085.921875,91272.804688,1040.944336,83,
23,1.0,-45636.402344,84289.679688,1067.806641,294,
23,1.0,-78066.398438,82726.9375,472.07373,60,
23,1.0,-56366.417969,7481.478516,2699.262207,70,
23,1.0,-26828.109375,81293.398438,875.020508,280,
23,0.0,-10917.664063,74144.15625,1239.950684,4,
23,1.0,-18402.21875,84849.5625,878.812012,123,
23,1.0,-90343.773438,882.888245,2640.687988,302,
23,1.0,-60759.324219,42643.195313,1857.187988,203,
23,0.0,-57775.347656,2934.757568,1504.456543,287,
23,1.0,-95631.875,89716.21875,1180.144043,334,
23,0.0,-8838.109375,74516.382813,1217.364746,92,
23,1.0,-65647.515625,57486.179688,990.037109,217,
23,1.0,-892.117188,93097.03125,1268.884277,63,
23,1.0,-11354.5,84188.164063,724.162598,206,
23,0.0,-3762.273438,61676.050781,906.743164,251,
23,1.0,-81047.296875,3845.332031,1931.099121,229,
23,1.0,-74134.929688,71326.296875,2302.341309,82,
23,1.0,-36444.519531,80324.375,545.583008,302,
23,0.0,-93407.734375,5435.761719,3654.181152,354,
23,1.0,-45688.699219,96659.34375,4139.043457,170,
23,1.0,-74101.09375,18472.974609,631.79834,54,
23,0.0,-84363.515625,88553.390625,855.354492,213,
23,0.0,-79487.632813,55206.664063,2181.256836,359,
23,0.0,-60156.375,77281.953125,2318.118652,318,
23,1.0,-72932.109375,94665.929688,1439.13916,292,
23,1.0,-67154.875,32922.195313,5245.410156,274,
23,0.0,-15802.773438,38650.203125,857.311523,288,
23,0.0,-70889.46875,79133.859375,801.679199,298,
23,0.0,-62011.363281,79499.9375,1961.39502,205,
23,0.0,-63571.03125,77989.492188,1848.98584,1,
23,0.0,-79985.984375,57529.246094,2578.507813,122,
24,0.0,-53640.847656,9868.660156,1489.80127,214,
24,1.0,-100286.265625,87365.945313,893.685059,183,
24,0.0,-6687.804688,89110.195313,1163.819336,113,
24,1.0,-94339.84375,53539.328125,4879.946777,184,
24,0.0,-100440.078125,50804.527344,4100.297363,73,
24,1.0,-10133.21875,39446.957031,1065.066895,256,
24,0.0,-35493.953125,94675.15625,1585.300781,308,
24,0.0,-45301.089844,82585.429688,899.293945,39,
24,1.0,-30922.625,95201.195313,1374.240234,139,
24,1.0,-51807.390625,84941.84375,1603.863281,166,
24,1.0,-78044.859375,10274.727539,3434.98584,169,
24,1.0,-63155.738281,31627.087891,4150.354004,348,
24,1.0,-23216.578125,84852.640625,913.09082,355,
24,0.0,-93690.75,78284.8125,2792.855957,207,
24,0.0,-96456.3125,60750.097656,6042.626953,155,
24,0.0,-93290.835938,24262.507813,6502.831055,150,
24,1.0,-34712.578125,95459.601563,1680.283203,242,
24,0.0,-76211.40625,42560.136719,2948.264648,314,
24,1.0,-39493.101563,82050.164063,783.102051,346,
24,1.0,-21524.632813,100461.609375,1121.184082,186,
24,1.0,-61288.445313,19478.916016,949.643555,309,
24,0.0,-57698.441406,32602.263672,2474.145508,138,
24,1.0,-67779.359375,25520.699219,2681.066895,356,
24,0.0,-62577.398438,36250.714844,4439.805176,242,
24,1.0,-79423.03125,4106.814941,2077.443359,179,
24,0.0,-69535.90625,21706.130859,1169.722656,228,
24,0.0,-91202.046875,88753.34375,1064.662109,287,
24,1.0,-59593.417969,75636.148438,2259.97168,228,
24,0.0,-37748.859375,4159.111328,1095.004883,349,
24,1.0,-66641.140625,54388.378906,931.021484,89,
24,0.0,-60427.089844,61380.730469,810.186523,44,
24,1.0,-22724.375,86578.421875,852.255859,261,
24,0.0,-2679.429688,77358.851563,802.805664,147,
24,1.0,-59199.65625,59753.390625,700.388184,119,
24,1.0,-65450.628906,73839.609375,1788.18457,103,
24,1.0,-91709.632813,24151.763672,6785.395508,264,
24,1.0,-67797.820313,90811.367188,745.400391,64,
24,1.0,-81936.335938,69126.765625,4219.401367,351,
24,1.0,-76214.484375,53028.667969,1767.772949,62,
24,0.0,-70234.226563,100307.796875,2347.146973,264,
24,1.0,-72784.445313,39305.445313,4042.461426,56,
24,1.0,-57406.195313,12425.037109,562.09668,267,
24,0.0,-66244.3125,84243.539063,872.09668,233,
24,0.0,-58596.710938,10745.396484,1452.769043,147,
24,0.0,-4362.140625,89310.148438,925.460938,85,
25,1.0,-83763.640625,78364.796875,945.700195,43,
25,0.0,-80702.757813,53139.414063,2316.427246,155,
25,0.0,-35343.21875,94496.734375,1558.325195,335,
25,1.0,-48398.890625,85692.460938,1571.705078,147,
25,0.0,-87249.046875,3553.087158,1446.400391,302,
25,1.0,-30138.171875,87458.234375,892.380859,216,
25,0.0,-78552.445313,22687.460938,6304.668945,329,
25,1.0,-89060.96875,15984.277344,4218.593262,138,
25,0.0,-55818.84375,86655.328125,1674.049805,355,
25,1.0,-53997.695313,99557.1875,4683.739746,311,
25,0.0,-49441.742188,10490.066406,1944.413086,155,
25,0.0,-9105.742188,76482.117188,1210.964844,301,
25,0.0,-89605.46875,77165.046875,1976.473145,329,
25,1.0,-96425.546875,54496.050781,4484.546387,298,
25,1.0,-85360.21875,50170.820313,6149.771484,44,
25,0.0,-51662.808594,95638.03125,4330.960449,167,
25,0.0,-79573.765625,40068.363281,6229.276367,294,
25,0.0,-82594.65625,47509.847656,5077.614258,161,
25,1.0,-98034.4375,14286.177734,3290.92334,356,
25,0.0,-39923.777344,87861.226563,1039.294922,146,
25,1.0,-95041.234375,9296.475586,2344.65332,253,
25,0.0,-72944.414063,61959.070313,2339.649902,342,
25,0.0,-80022.898438,64392.394531,5044.536133,98,
25,1.0,-9665.625,95641.101563,1017.230469,0,
25,1.0,-4992.773438,65582.90625,857.868652,186,
25,0.0,-55809.613281,78180.21875,1903.989258,67,
25,1.0,-78115.617188,51352.105469,1569.388672,159,
25,0.0,-29264.515625,79866.015625,876.527832,119,
25,0.0,-61608.375,56627.902344,845.958008,300,
25,0.0,-12400.429688,71895.40625,1097.199219,299,
25,0.0,-99932.492188,20195.683594,5022.584961,100,
25,0.0,-47915.914063,3187.01123,1660.809082,118,
25,0.0,-84074.34375,21533.861328,5917.822266,244,
25,1.0,-83597.523438,79066.1875,749.668945,164,
25,1.0,-84274.296875,2294.894287,929.267578,240,
25,1.0,-50573.808594,94893.570313,4191.992188,308,
25,1.0,-9733.304688,100215.507813,2774.086426,282,
25,0.0,-56437.171875,1316.641724,2216.288574,141,
25,0.0,-28006.320313,89368.59375,690.908203,13,
25,0.0,-84412.734375,82167.054688,553.268555,32,
25,0.0,-78872.375,67480.96875,4553.731445,182,
25,1.0,-48294.292969,92577.140625,3114.745117,247,
25,1.0,-95035.078125,96081.007813,966.231445,125,
25,1.0,-3525.398438,70394.195313,869.709473,202,
25,0.0,-8487.414063,45737.921875,537.638672,208,
25,1.0,-66158.171875,72193.804688,1810.266602,101,
25,0.0,-54388.378906,29864.386719,804.776855,149,
25,1.0,-59605.726563,88381.117188,1236.002441,124,
25,1.0,-55957.273438,91282.039063,2699.60791,207,
25,1.0,-44704.292969,92841.703125,1926.186035,126,
25,0.0,-78134.078125,10702.329102,3778.473633,28,
25,1.0,-27680.242188,94736.679688,1084.977051,304,
25,1.0,-14913.734375,39603.84375,883.344238,274,
25,1.0,-99043.453125,63269.554688,5922.485352,241,
25,1.0,-97982.140625,69394.398438,4785.526855,197,
25,0.0,-88713.351563,99304.929688,3168.711426,216,
25,1.0,-64496.988281,87199.828125,782.157715,94,
25,0.0,-46383.9375,80595.085938,850.208008,152,
26,1.0,-99061.90625,54462.210938,4475.413574,62,
26,0.0,-63078.828125,80219.78125,1538.748047,31,
26,1.0,-89027.132813,64601.578125,5259.388672,322,
26,1.0,-81668.703125,96028.710938,1167.543945,217,
26,0.0,-99944.796875,73436.617188,3305.07666,352,
26,1.0,-74085.710938,6094.08252,1096.96875,222,
26,0.0,-4875.882813,80979.617188,876.756836,234,
26,0.0,-60313.265625,39007.050781,2927.687988,65,
26,0.0,-84757.273438,16036.573242,7643.702148,107,
26,0.0,-82613.117188,75190.085938,1464.112793,110,
26,0.0,-85686.304688,13449.433594,7221.495117,210,
26,0.0,-12197.390625,96330.1875,1066.676758,286,
26,1.0,-67108.734375,29362.955078,4616.285645,34,
26,0.0,-57683.058594,11791.326172,897.844727,165,
26,0.0,-93290.835938,69877.375,4627.575684,359,
26,1.0,-34288.054688,82031.703125,651.584473,351,
26,1.0,-90777.523438,57695.363281,4709.989746,134,
26,1.0,-5161.96875,62254.390625,792.916504,182,
26,0.0,-68616.109375,28049.390625,4531.808594,58,
26,0.0,-50269.257813,13840.119141,556.682617,263,
26,1.0,-5555.734375,76466.734375,1058.355469,305,
26,0.0,-79466.09375,73372.015625,1999.380371,250,
26,0.0,-83037.640625,21955.308594,6243.503906,105,
27,0.0,-68290.023438,70111.171875,1506.314941,117,
27,1.0,-67991.625,91266.65625,812.59082,250,
27,0.0,-63937.109375,43486.09375,2012.631348,197,
27,0.0,-63208.03125,23105.832031,1647.98291,288,
27,0.0,-54800.597656,95634.953125,4070.048096,110,
27,0.0,-62414.355469,92912.453125,726.730469,180,
27,1.0,-42418.625,96096.390625,3534.826172,98,
27,1.0,-81007.304688,22918.179688,6896.09082,112,
27,0.0,-19312.796875,75949.929688,800.119141,350,
27,1.0,-26932.710938,98769.664063,1057.953125,250,
27,1.0,-39274.6875,2531.766846,1778.022949,235,
27,1.0,-96825.460938,89608.546875,1183.727539,98,
27,1.0,-55483.53125,96847.0,4018.446289,35,
27,0.0,-81896.34375,92475.625,1014.281738,160,
27,0.0,-12166.632813,98917.320313,1475.815918,305,
27,1.0,-59390.386719,60716.253906,682.044922,45,
27,1.0,-63835.589844,95099.679688,581.513672,193,
27,0.0,-11757.492188,91583.507813,1398.537109,280,
27,1.0,-8462.804688,91888.0625,1166.800293,244,
27,1.0,-89897.710938,94395.210938,1003.403809,360,
27,0.0,-60491.691406,45581.03125,1277.658691,87,
27,1.0,-71615.46875,39699.207031,3742.296387,88,
27,1.0,-56504.847656,2008.801392,2205.64502,245,
27,1.0,-2205.679688,44027.515625,1130.310547,286,
27,1.0,-95268.875,88559.539063,1172.859375,342,
28,0.0,-169.195313,40234.480469,1062.568848,254,
28,1.0,-7339.96875,93764.578125,1058.374023,81,
28,1.0,-100209.359375,69222.132813,4315.18457,135,
28,1.0,-83825.164063,83265.289063,580.083008,6,
28,0.0,-65407.5625,60765.480469,933.313477,291,
28,0.0,-77648.023438,95505.742188,1503.453125,210,
28,1.0,-63423.371094,70787.953125,1958.973633,198,
28,0.0,-40105.277344,88344.203125,1076.625977,181,
28,0.0,-1405.851563,88808.71875,805.284668,324,
28,0.0,-85978.554688,64106.304688,4900.990723,153,
28,0.0,-87212.132813,54363.769531,4322.45459,81,
28,0.0,-855.203125,74913.21875,810.237305,271,
28,1.0,-80650.460938,53914.632813,2337.64502,339,
28,0.0,-97185.390625,84185.09375,1313.560547,211,
28,0.0,-11686.734375,92374.109375,1368.90332,33,
28,0.0,-13667.84375,95401.15625,1230.217773,315,
28,1.0,-68991.414063,73288.953125,1278.080078,226,
28,1.0,-15864.304688,42732.40625,692.640137,177,
28,1.0,-68003.929688,57316.984375,1073.410156,286,
28,1.0,-1784.234375,53151.71875,1117.833496,110,
28,0.0,-75823.796875,68545.351563,3308.102539,316,
28,0.0,-40751.292969,81613.335938,773.341309,0,
28,1.0,-92426.40625,64552.359375,5775.101563,182,
28,1.0,-11289.890625,72553.734375,1165.850098,142,
28,0.0,-57716.898438,7238.453125,2755.869629,314,
29,1.0,-9690.234375,34567.996094,902.134766,243,
29,1.0,-80379.75,86593.804688,733.102051,64,
29,0.0,-67791.671875,89491.648438,625.656738,68,
29,1.0,-2531.765625,51650.5,937.655273,313,
29,1.0,-60556.289063,55751.164063,765.398926,168,
29,1.0,-96767.015625,14498.441406,3439.926758,139,
29,1.0,-78047.9375,60808.546875,3760.04248,51,
29,0.0,-8647.382813,94690.539063,1027.223633,130,
29,1.0,-72212.265625,61605.296875,1840.672363,132,
29,0.0,-95518.054688,69317.492188,5032.466797,240,
29,1.0,-72765.992188,84585.007813,523.226074,265,
29,0.0,-40308.3125,94192.179688,1643.077148,20,
29,0.0,-22481.351563,94610.554688,1161.316406,184,
29,0.0,-74956.289063,704.464844,2511.718262,230,
29,1.0,-54539.117188,26135.955078,504.626953,158,
29,1.0,-73882.671875,94496.734375,1471.624023,4,
29,0.0,-88193.460938,73605.8125,2532.421387,263,
29,0.0,-97545.3125,56138.773438,4638.027344,75,
29,1.0,-45039.609375,100483.140625,4321.425781,79,
29,0.0,-17193.25,82336.25,963.457031,170,
29,0.0,-37370.476563,84105.101563,701.865723,98,
29,0.0,-3771.5,44036.742188,959.138672,15,
29,0.0,-79413.796875,78660.117188,729.716797,269,
29,0.0,-9693.3125,65659.820313,582.553711,229,
30,1.0,-61143.859375,70080.414063,1828.010742,245,
30,1.0,-20678.65625,89383.976563,603.81543,178,
30,0.0,-59987.179688,15199.829102,735.357422,265,
30,1.0,-62125.1875,54905.191406,770.768066,234,
30,1.0,-78555.523438,99135.742188,2419.916016,244,
30,1.0,-64706.171875,11320.658203,803.59082,285,
30,0.0,-85258.703125,85726.296875,892.99707,111,
30,1.0,-347.617188,54437.597656,1207.162109,219,
30,0.0,-22518.265625,85781.671875,898.618652,52,
30,1.0,-59805.683594,50127.75,508.569336,144,
30,1.0,-98868.101563,75439.265625,2879.096191,3,
30,0.0,-91039.007813,21832.257813,6268.792969,299,
30,1.0,-59233.496094,11708.267578,1270.520508,120,
30,1.0,-83056.101563,45587.183594,7101.655273,346,
30,0.0,-63518.734375,11926.682617,1065.75,288,
30,1.0,-94613.632813,19928.048828,4521.201172,99,
30,1.0,-35970.777344,98372.828125,2904.884766,208,
30,1.0,-70181.929688,24994.660156,4041.935791,220,
30,0.0,-59808.761719,48248.152344,699.438477,294,
30,0.0,-77728.007813,91903.4375,1234.163574,298,
30,1.0,-77420.382813,94524.414063,1438.303711,40,
30,0.0,-97314.59375,19952.658203,5253.246094,266,
30,1.0,-90245.328125,15381.328125,3189.888672,114,
30,0.0,-79792.179688,94013.757813,1418.823242,315,
30,0.0,-53499.339844,90506.820313,2287.284668,182,
31,1.0,-93087.804688,15553.599609,2202.465332,115,
31,0.0,-70357.273438,86978.335938,625.248047,288,
31,1.0,-99341.851563,86175.4375,845.503418,352,
31,1.0,-98831.1875,45251.871094,3863.984375,197,
31,0.0,-57483.101563,29615.210938,2175.999023,79,
31,0.0,-68222.34375,43802.949219,1649.696777,104,
31,0.0,-81945.5625,66930.3125,5069.040039,239,
31,0.0,-14178.507813,41246.570313,864.859375,252,
31,0.0,-80902.710938,41892.589844,7099.557129,297,
31,0.0,-59439.609375,67856.273438,1228.54834,5,
31,0.0,-2777.867188,35238.625,536.493164,208,
31,0.0,-86769.15625,61528.394531,4816.362793,261,
31,0.0,-6084.851563,87821.234375,1104.32373,72,
31,0.0,-97606.835938,80835.039063,2239.324219,268,
31,1.0,-81330.3125,88190.390625,773.312012,40,
31,1.0,-90223.796875,23222.730469,5770.436523,294,
31,0.0,-64054.007813,38207.21875,4077.058838,328,
31,0.0,-38013.414063,93678.445313,1505.770996,139,
31,0.0,-99938.648438,94662.851563,574.911133,86,
31,0.0,-100034.007813,90931.34375,745.408203,230,
31,1.0,-80229.015625,15162.914063,7204.303223,298,
31,1.0,-21293.914063,96197.90625,1145.879395,349,
31,0.0,-76503.65625,10108.609375,1585.570313,192,
31,1.0,-91555.820313,23102.755859,6312.399414,142,
31,1.0,-83542.148438,72107.664063,2427.942871,120,
31,0.0,-75491.5625,37056.695313,6216.789063,19,
31,0.0,-52013.5,74036.484375,860.125977,141,
31,0.0,-12895.710938,71993.851563,1080.59082,327,
31,1.0,-92989.359375,62792.738281,6245.675781,112,
31,1.0,-67256.398438,21349.285156,1097.358887,87,
31,1.0,-13335.617188,71796.96875,1031.055664,284,
31,1.0,-69941.984375,26385.130859,4746.862793,53,
31,1.0,-99824.820313,2174.919922,4582.307617,51,
31,1.0,-5245.039063,40732.835938,969.557129,5,
31,0.0,-43239.992188,3882.247559,1832.807129,119,
31,0.0,-1104.382813,90442.210938,911.574707,153,
32,1.0,-65103.011719,61076.179688,924.529785,351,
32,0.0,-96210.210938,61759.113281,6274.086914,337,
32,1.0,-75334.671875,60519.375,2664.234863,203,
32,1.0,-33057.554688,100360.09375,2797.352051,247,
32,0.0,-16325.742188,36478.359375,838.390137,226,
32,1.0,-70452.640625,27849.433594,6242.9375,25,
32,0.0,-81942.492188,99077.289063,2863.794434,201,
32,1.0,-46291.644531,2202.606201,1733.671875,2,
32,1.0,-3709.976563,75660.757813,790.351074,108,
32,1.0,-94284.46875,53277.847656,5033.474609,262,
32,1.0,-73384.320313,37644.261719,4963.612305,94,
32,0.0,-94564.40625,99132.664063,3031.444336,224,
32,1.0,-91617.34375,54551.421875,4634.05127,106,
32,1.0,-75054.734375,66053.578125,3164.5625,331,
32,0.0,-70043.5,75473.101563,1151.381836,295,
32,1.0,-83877.460938,73728.859375,1883.404785,260,
32,0.0,-13298.703125,92478.703125,1365.914063,9,
32,0.0,-54486.820313,9259.55957,1657.389648,247,
32,1.0,-72707.546875,81807.140625,619.483398,179,
32,0.0,-5632.648438,77149.671875,1034.82959,252,
32,1.0,-61226.917969,65392.179688,1069.386719,1,
32,1.0,-19079.0,77472.679688,865.274414,307,
32,1.0,-91712.710938,59614.957031,5374.888672,48,
32,1.0,-93050.890625,67124.117188,5230.088867,162,
32,0.0,-4291.390625,43636.828125,929.911133,351,
33,1.0,-35730.828125,97086.945313,1820.383789,244,
33,1.0,-14473.835938,83994.359375,804.495605,273,
33,0.0,-29849.007813,93620.0,1218.328125,188,
33,1.0,-4928.179688,62482.03125,806.703125,187,
33,0.0,-83040.71875,12723.43457,7136.921387,128,
33,1.0,-60217.902344,93460.03125,2700.647461,160,
33,0.0,-59618.03125,18669.855469,493.419922,344,
33,1.0,-5411.15625,79299.976563,837.015625,344,
33,1.0,-54059.21875,32814.527344,756.380371,105,
33,0.0,-11883.609375,76878.953125,1194.828613,149,
33,0.0,-47811.324219,86544.585938,1610.464844,121,
33,0.0,-73288.953125,19118.990234,723.354004,156,
33,0.0,-91672.71875,82717.710938,1449.877441,14,
33,0.0,-40683.617188,2740.952881,1874.853027,240,
33,0.0,-75623.84375,97963.6875,1428.231445,311,
33,1.0,-72452.210938,50743.003906,858.795898,251,
33,0.0,-6853.921875,35346.292969,758.280273,167,
33,0.0,-67619.398438,34795.640625,4805.41748,116,
33,1.0,-98797.351563,11003.802734,3132.528809,344,
33,0.0,-70923.304688,50693.78125,707.924316,329,
33,1.0,-47054.5625,11108.395508,988.978516,132,
33,0.0,-76226.789063,14095.449219,1866.73584,318,
33,0.0,-89316.296875,11409.870117,3843.59375,118,
33,1.0,-2310.273438,95413.460938,1309.474121,76,
33,1.0,-64847.683594,81259.5625,1136.484375,114,
34,1.0,-57981.457031,76294.46875,2112.360352,226,
34,1.0,-3756.117188,52311.902344,570.665039,327,
34,1.0,-85594.015625,4272.933105,1333.262207,343,
34,1.0,-74894.765625,13089.510742,585.770508,181,
34,0.0,-19029.78125,76420.59375,834.988281,157,
34,0.0,-88061.1875,20774.023438,4955.933594,255,
34,0.0,-88611.835938,70892.546875,3456.831543,355,
34,0.0,-50136.980469,97157.695313,4238.73584,108,
34,1.0,-85926.257813,23124.289063,7993.415527,319,
34,0.0,-71452.421875,52438.023438,894.709473,357,
34,1.0,-27452.59375,99317.234375,1067.742188,348,
34,1.0,-60273.273438,18549.882813,634.450684,315,
34,0.0,-76463.664063,80911.945313,688.378906,198,
34,0.0,-84182.015625,79219.992188,740.095703,96,
34,1.0,-61276.136719,68819.140625,1624.859863,78,
34,0.0,-69837.382813,74147.234375,1305.486816,42,
34,0.0,-98874.257813,76845.117188,2576.971191,92,
34,0.0,-54923.648438,89254.773438,1610.654785,239,
34,1.0,-74993.203125,62491.261719,3354.448242,301,
34,0.0,-75125.484375,62466.652344,3395.410645,171,
35,0.0,-3014.742188,35740.054688,625.648438,49,
35,0.0,-13440.203125,88215.0,1140.902344,226,
35,0.0,-25523.78125,79050.804688,913.175781,176,
35,1.0,-65955.140625,74107.242188,1689.202148,212,
35,0.0,-24548.601563,76974.320313,777.560059,253,
35,0.0,-4909.71875,57058.578125,673.936523,34,
35,0.0,-8010.601563,42474.0,987.467773,325,
35,1.0,-55111.300781,97256.140625,4131.26709,342,
35,0.0,-10591.585938,94306.0,1205.178223,192,
35,0.0,-21143.171875,92451.015625,944.28125,215,
35,0.0,-71357.0625,36435.292969,5021.0625,88,
35,0.0,-55237.425781,76968.171875,1773.661133,326,
35,0.0,-85741.679688,21256.996094,5256.771484,322,
35,0.0,-95022.773438,25883.701172,7405.942383,257,
35,1.0,-96763.9375,307.626587,5728.429688,9,
35,1.0,-82662.335938,19565.050781,7016.622559,182,
35,0.0,-12197.390625,92429.476563,1377.751953,211,
35,0.0,-68852.976563,84338.898438,665.307617,319,
35,1.0,-41508.054688,89870.023438,1171.895508,236,
35,0.0,-3996.070313,71270.921875,876.404785,84,
35,0.0,-14335.398438,70157.3125,761.963867,298,
35,0.0,-90349.921875,76306.773438,2367.232422,324,
35,1.0,-60943.902344,43682.972656,1688.107422,75,
35,1.0,-85929.328125,48325.058594,7710.387207,249,
35,1.0,-67690.15625,74350.265625,1433.774414,208,
35,0.0,-72667.546875,70409.570313,2160.621582,43,
35,0.0,-71234.015625,21798.419922,1913.099609,266,
35,1.0,-91355.867188,91786.539063,885.991699,323,
35,0.0,-12298.90625,73974.960938,1200.44043,223,
36,1.0,-77617.265625,65822.859375,4223.873535,217,
36,0.0,-44322.835938,96157.914063,3902.000488,16,
36,1.0,-48401.964844,3334.672119,1836.216797,77,
36,1.0,-84908.007813,68422.304688,4188.722656,331,
36,0.0,-21847.640625,89313.226563,575.535645,303,
36,0.0,-77672.632813,71557.015625,2969.765137,144,
36,0.0,-33491.304688,84938.773438,745.44043,240,
36,1.0,-70052.726563,26295.919922,4813.126465,321,
36,1.0,-96653.195313,44187.480469,5316.496094,309,
36,1.0,-97951.375,48460.414063,4514.207031,96,
36,1.0,-79416.875,97142.320313,1401.200195,61,
36,0.0,-4497.5,38081.09375,870.756348,309,
36,1.0,-86464.601563,94536.71875,1194.028809,210,
36,0.0,-58116.8125,75027.046875,2129.012207,214,
36,0.0,-53597.777344,5143.516113,3392.013184,161,
36,1.0,-82013.242188,3300.833008,1611.01123,59,
36,1.0,-71052.507813,61393.035156,1399.280273,263,
36,1.0,-91442.0,7210.76709,2684.675293,259,
36,1.0,-54683.703125,88802.5625,1604.619629,357,
36,0.0,-100452.382813,68366.929688,4506.318848,264,
36,0.0,-3445.421875,57716.898438,1069.445313,108,
36,1.0,-69646.65625,67025.671875,1745.582031,90,
