0,0.0,-47552.917969,-4755.90625,1852.228027,287,
0,0.0,-67567.101563,-84941.851563,4789.32666,301,
0,2.0,-67351.765625,-21481.5625,1892.013184,288,
0,1.0,-77048.15625,-52994.828125,4122.229004,131,
0,1.0,-56015.722656,-70751.039063,3548.990723,340,
0,0.0,-61943.6875,-33463.617188,2774.792969,247,
0,2.0,-97502.242188,-21863.023438,2021.427246,47,
0,1.0,-68600.726563,-47066.867188,4360.399902,16,
0,0.0,-66754.96875,-47706.726563,5806.870117,160,
0,2.0,-68899.125,-26489.726563,792.934082,158,
0,2.0,-97403.804688,-23634.953125,2672.6875,244,
0,1.0,-81819.4375,-67850.117188,4870.958496,278,
0,2.0,-92887.84375,-48463.488281,5067.063477,267,
0,0.0,-67311.773438,-71726.210938,3342.585938,172,
0,2.0,-63017.304688,-7493.78125,1320.761719,262,
0,2.0,-68148.515625,-87027.554688,4335.878418,64,
0,2.0,-86790.6875,-25862.164063,969.220215,243,
0,0.0,-8690.453125,-91365.09375,5233.260742,192,
0,2.0,-87079.851563,-56363.34375,3658.008789,328,
0,2.0,-48297.371094,-75522.328125,4401.516602,67,
0,1.0,-14507.671875,-90645.25,7147.04541,107,
0,0.0,-6303.265625,-51862.765625,997.462402,276,
0,2.0,-51136.765625,-3863.789063,3238.518066,279,
0,0.0,-59974.875,-77918.734375,4066.683838,117,
0,2.0,-86015.46875,-100197.054688,6118.299805,220,
0,1.0,-94069.132813,-99231.101563,3354.805664,248,
0,2.0,-62260.542969,-49850.886719,5877.956055,56,
0,2.0,-23025.851563,-81628.710938,7895.335938,84,
0,0.0,-69191.367188,-93696.898438,4104.755371,222,
0,1.0,-70627.984375,-54926.726563,4993.547852,18,
0,1.0,-72913.65625,-60990.046875,3439.316406,352,
0,1.0,-59658.023438,-79155.390625,3707.575684,296,
0,1.0,-93730.742188,-72550.65625,5768.014648,72,
0,2.0,-53225.550781,-43996.75,957.195801,322,
0,0.0,-23902.585938,-78143.304688,6207.693359,35,
0,1.0,-63075.753906,-79589.148438,5900.014648,272,
0,1.0,-75113.179688,-83357.578125,6258.707031,327,
0,0.0,-60051.785156,-50915.273438,5955.416992,276,
0,1.0,-19322.023438,-99809.445313,3740.975098,55,
0,2.0,-66776.5,-32439.226563,1541.229492,116,
0,1.0,-97228.453125,-95924.117188,2752.348145,68,
0,1.0,-61143.859375,-31500.960938,2295.811035,12,
0,0.0,-60273.273438,-28101.6875,2042.832031,227,
0,0.0,-51259.816406,-12963.382813,1814.941406,338,
0,0.0,-70098.867188,-79373.8125,5848.168945,215,
0,0.0,-79530.703125,-90897.5,3650.671387,158,
0,1.0,-64343.175781,-55028.242188,6302.432617,86,
0,0.0,-97585.304688,-55308.183594,2315.387207,287,
0,1.0,-63248.023438,-74519.460938,5770.632813,82,
0,1.0,-5251.1875,-37155.140625,471.770996,217,
0,2.0,-65625.976563,-52474.941406,5870.46875,234,
0,0.0,-51819.695313,-14987.5625,1237.841309,166,
0,2.0,-8432.046875,-78900.0625,1406.617188,251,
0,0.0,-64826.148438,-99212.648438,6611.172852,281,
0,1.0,-69572.828125,-60599.359375,3778.071777,279,
0,2.0,-68905.28125,-91088.226563,3026.15625,335,
0,0.0,-75097.796875,-97834.476563,4005.966309,184,
0,2.0,-95105.828125,-42372.484375,2744.772461,239,
0,2.0,-81760.992188,-48309.675781,3864.302246,160,
0,1.0,-68634.5625,-88325.742188,3973.974609,210,
0,1.0,-10794.617188,-92155.695313,6485.763672,180,
0,0.0,-60436.316406,-54779.0625,5430.182617,84,
0,1.0,-59436.53125,-76937.40625,4054.573486,67,
0,1.0,-100320.101563,-90343.773438,3297.489746,221,
0,0.0,-100255.5,-13581.710938,3274.821777,122,
0,2.0,-1719.632813,-76780.515625,712.098633,263,
0,1.0,-2762.484375,-87568.984375,3513.453125,312,
0,0.0,-67631.703125,-75439.265625,4420.240234,192,
0,2.0,-88168.851563,-75439.265625,5177.015625,214,
0,1.0,-3350.054688,-45799.445313,1397.083008,276,
0,1.0,-70926.382813,-80275.15625,6050.97168,162,
0,2.0,-56587.910156,-90712.921875,4610.046387,351,
0,2.0,-79964.453125,-97280.75,4406.501465,338,
0,1.0,-68194.65625,-72778.296875,4239.594238,218,
0,1.0,-56704.804688,-52299.59375,3285.364746,43,
0,2.0,-72784.445313,-10179.367188,856.211914,148,
0,1.0,-92866.3125,-49893.953125,5020.560547,62,
0,1.0,-37524.292969,-64881.519531,888.332031,2,
0,0.0,-95810.296875,-9465.671875,3118.931152,209,
0,0.0,-85609.398438,-30873.40625,3298.394531,321,
0,2.0,-35552.40625,-71701.601563,3188.797363,209,
0,0.0,-94198.335938,-79410.71875,4175.464844,102,
0,0.0,-78318.648438,-88781.03125,3747.065918,77,
0,0.0,-85793.976563,-99723.304688,6196.646484,214,
0,1.0,-89630.078125,-55480.453125,3910.458496,150,
0,1.0,-77401.921875,-52924.078125,4190.961426,280,
0,0.0,-90466.820313,-23914.890625,1552.753906,200,
0,0.0,-5214.265625,-97640.671875,4650.59375,217,
0,2.0,-21367.742188,-80905.789063,7085.253418,353,
0,0.0,-89457.804688,-89894.640625,4191.210449,20,
0,2.0,-47651.355469,-71412.429688,4708.364746,115,
0,0.0,-95065.84375,-62998.847656,5707.446289,192,
0,0.0,-56514.078125,-72836.742188,4854.05957,81,
0,1.0,-661.398438,-37804.230469,976.305664,262,
0,2.0,-67994.703125,-98114.421875,4757.694824,165,
0,2.0,-94622.859375,-97569.921875,3065.19043,296,
0,0.0,-67437.898438,-7149.242188,1608.59082,115,
0,1.0,-52681.050781,-43839.863281,633.454102,8,
0,2.0,-54797.523438,-77494.210938,3526.191895,30,
0,0.0,-56824.78125,-62848.109375,2888.169434,194,
0,1.0,-50767.613281,-52733.347656,544.837402,101,
0,2.0,-6998.507813,-87245.976563,4652.027832,67,
1,2.0,-79272.296875,-84692.671875,4259.608887,23,
1,2.0,-93930.695313,-941.335938,4661.806641,45,
1,1.0,-57089.339844,-67121.046875,4089.826172,150,
1,1.0,-78137.148438,-81016.53125,5315.25,62,
1,0.0,-51478.230469,-78223.28125,3354.608398,210,
1,0.0,-85486.351563,-26428.195313,860.586426,59,
1,0.0,-75562.3125,-98526.640625,4090.925049,87,
1,2.0,-3913.007813,-90260.710938,4809.42334,337,
1,0.0,-54843.664063,-49669.386719,2533.053711,195,
1,2.0,-46165.515625,-66108.953125,2509.992188,235,
1,0.0,-64472.378906,-17297.84375,2068.208496,358,
1,2.0,-79992.140625,-64607.730469,5119.348633,257,
1,1.0,-87735.101563,-67139.5,2402.861328,202,
1,0.0,-100006.320313,-55514.292969,2103.354004,342,
1,0.0,-77451.140625,-93543.085938,3007.443848,122,
1,0.0,-69702.03125,-75457.726563,5827.924805,43,
1,1.0,-86646.101563,-73276.648438,3826.756348,268,
1,2.0,-58645.929688,-28034.007813,1911.339355,109,
1,1.0,-94945.867188,-56514.078125,3631.654785,53,
1,1.0,-89202.476563,-20524.84375,620.09375,20,
1,0.0,-81776.375,-62352.828125,4832.025879,218,
1,2.0,-16187.3125,-98323.609375,4624.664551,332,
1,1.0,-92177.226563,-92712.5,4048.338867,61,
1,1.0,-60639.351563,-81751.765625,4138.721191,146,
1,2.0,-96090.234375,-8201.328125,4198.021973,38,
1,2.0,-85387.90625,-44691.988281,5661.995117,105,
1,1.0,-68379.234375,-11345.273438,1928.688477,189,
1,0.0,-65023.03125,-94696.6875,4993.678711,299,
1,1.0,-73353.554688,-99006.539063,3993.572998,317,
1,2.0,-89934.625,-44190.554688,5395.099609,149,
1,0.0,-6626.28125,-88756.421875,5198.786133,323,
1,2.0,-70015.8125,-88482.632813,4054.514893,76,
1,2.0,-80179.789063,-94170.648438,3245.593262,14,
1,0.0,-87882.757813,-43276.90625,5673.154297,246,
1,0.0,-57969.152344,-51429.007813,4875.193848,141,
1,2.0,-75217.773438,-84769.578125,5931.395508,77,
1,0.0,-76374.453125,-40163.726563,1485.477539,10,
1,2.0,-54379.148438,-60217.902344,1341.79834,274,
1,1.0,-97917.539063,-60897.757813,4600.855957,124,
1,1.0,-75057.804688,-87885.835938,4760.077637,81,
1,0.0,-95576.5,-81554.882813,4558.762207,54,
1,0.0,-86252.335938,-29572.140625,2964.601563,127,
1,2.0,-17285.539063,-81542.578125,5420.84082,206,
1,0.0,-45799.445313,-5051.226563,544.856445,181,
1,1.0,-94515.1875,-33860.460938,5346.510742,239,
1,2.0,-46839.222656,-68428.453125,3474.950195,78,
1,0.0,-76426.75,-85830.890625,4953.34082,289,
1,0.0,-91079.0,-7715.273438,3266.06543,99,
1,0.0,-7835.25,-91857.296875,5407.003906,235,
1,2.0,-84548.085938,-3796.109375,2091.592285,135,
1,2.0,-61266.90625,-25496.09375,2205.347168,212,
1,2.0,-80650.460938,-62863.492188,5146.208008,186,
1,2.0,-86541.507813,-51250.589844,4835.296875,211,
1,1.0,-84621.921875,-27883.273438,1434.235352,258,
1,2.0,-5574.195313,-58421.363281,638.678223,155,
1,2.0,-81496.4375,-55529.671875,4682.971191,297,
1,0.0,-78752.40625,-95441.148438,3105.79834,169,
1,2.0,-91140.523438,-1039.773438,3270.680664,193,
1,0.0,-86409.226563,-81453.367188,4297.342773,320,
1,2.0,-85394.0625,-57547.703125,4509.651855,96,
1,2.0,-70963.296875,-75187.015625,7268.012207,117,
1,2.0,-75276.226563,-57916.855469,4829.770508,180,
1,2.0,-48417.347656,-77026.617188,4454.316895,273,
1,1.0,-80718.140625,-31580.945313,1219.970703,310,
1,2.0,-74337.960938,-63063.449219,4614.501953,358,
1,1.0,-57184.703125,-70360.351563,3871.174805,48,
1,2.0,-52167.316406,-58052.210938,765.768555,284,
1,2.0,-79004.65625,-36099.976563,1384.928711,229,
1,1.0,-69277.507813,-90451.445313,3068.585449,158,
1,0.0,-100784.617188,-38644.046875,1318.329102,141,
1,0.0,-92721.726563,-46377.785156,4337.747559,211,
1,1.0,-24560.90625,-72661.398438,2364.501465,245,
1,1.0,-5854.132813,-38407.175781,532.938965,351,
1,1.0,-75676.140625,-89833.109375,4085.13623,153,
1,0.0,-80059.8125,-48931.085938,3369.146484,71,
1,1.0,-43323.050781,-66773.421875,3732.615723,208,
1,1.0,-47371.417969,-61371.5,732.757324,160,
1,0.0,-60577.824219,-80838.109375,4218.283691,266,
1,1.0,-79339.96875,-54496.050781,4455.571777,170,
1,0.0,-56120.316406,-90559.109375,5307.09668,324,
1,2.0,-67351.765625,-29006.109375,1335.78125,41,
1,1.0,-52441.101563,-67447.125,1869.922852,99,
1,0.0,-83151.460938,-59777.996094,5284.547852,135,
1,1.0,-59190.429688,-85218.710938,2761.328125,166,
1,1.0,-15233.664063,-46054.773438,476.75,357,
1,0.0,-82674.640625,-69926.59375,4491.522461,202,
1,2.0,-50709.164063,-63248.023438,760.372559,103,
1,2.0,-52911.773438,-4592.859375,2120.926758,149,
1,0.0,-88753.34375,-8773.515625,1955.834473,92,
1,1.0,-80653.53125,-49207.949219,3581.679688,266,
1,1.0,-87882.757813,-51192.136719,5142.918945,74,
1,1.0,-94539.796875,-72359.921875,6998.628418,228,
1,2.0,-66653.453125,-7284.59375,1608.59082,30,
1,2.0,-63152.660156,-62725.058594,5903.354492,15,
1,1.0,-25671.4375,-68391.539063,528.919434,238,
1,0.0,-69003.71875,-29904.382813,1175.374023,7,
1,0.0,-16648.75,-98314.375,4674.288086,309,
1,1.0,-34761.804688,-66902.625,3507.917969,72,
1,0.0,-17654.6875,-93183.164063,7893.323242,177,
1,0.0,-65441.402344,-59873.359375,4993.142578,65,
1,1.0,-9336.460938,-79133.859375,1739.152344,138,
1,0.0,-72212.265625,-22142.960938,586.780273,254,
1,0.0,-55880.367188,-53674.683594,2471.657715,297,
1,1.0,-93589.234375,-85218.710938,3520.814453,337,
1,1.0,-64964.582031,-23662.632813,2441.194336,78,
1,2.0,-22868.960938,-77740.3125,5342.628906,204,
1,2.0,-99907.882813,-100532.367188,2594.539551,228,
1,1.0,-3377.742188,-55166.671875,1015.016602,198,
1,0.0,-57679.984375,-30765.734375,3116.717773,31,
1,0.0,-4608.242188,-45673.316406,1205.186523,336,
1,2.0,-59461.140625,-97911.382813,7109.627441,12,
1,2.0,-67050.289063,-65072.25,3289.418945,216,
1,1.0,-60605.511719,-41040.457031,3178.702637,277,
1,0.0,-50084.679688,-65324.503906,1905.240234,127,
1,1.0,-7856.78125,-92469.46875,5354.269531,316,
1,2.0,-64133.988281,-23985.648438,2318.768066,191,
1,2.0,-28566.203125,-69978.890625,764.0625,1,
1,0.0,-79595.296875,-39120.875,2673.666992,131,
1,1.0,-93884.554688,-27049.601563,3903.050293,90,
1,1.0,-59971.800781,-67644.007813,4114.989746,135,
1,0.0,-5524.976563,-52739.5,985.576172,99,
1,2.0,-57267.765625,-1593.507813,2426.480957,76,
1,2.0,-95976.414063,-24656.265625,3430.607422,111,
1,0.0,-80468.960938,-55643.496094,4747.564941,2,
1,0.0,-69775.859375,-23075.070313,1170.277832,2,
1,0.0,-83809.78125,-95690.320313,5319.852539,31,
1,1.0,-6364.789063,-100197.054688,3684.140625,205,
1,2.0,-80505.875,-46516.210938,3594.84082,180,
1,0.0,-64570.816406,-62522.023438,4692.23291,180,
1,0.0,-17602.390625,-78001.796875,3900.67041,230,
1,1.0,-98735.828125,-40142.191406,1860.22998,205,
1,1.0,-84326.59375,-7976.757813,680.255371,13,
1,1.0,-96794.703125,-64669.257813,7497.650391,220,
1,0.0,-95702.625,-2094.9375,6200.259766,261,
1,1.0,-92152.617188,-11089.9375,940.789551,155,
1,1.0,-57916.855469,-32362.3125,3528.422363,11,
1,2.0,-23702.625,-97314.59375,7048.709473,149,
1,2.0,-53139.414063,-47688.269531,1130.772949,157,
1,2.0,-69963.515625,-76291.390625,6023.380859,288,
1,2.0,-95911.8125,-61356.121094,5078.349609,14,
1,2.0,-42141.765625,-72885.960938,5630.400391,323,
1,1.0,-28098.609375,-100107.84375,7412.510742,60,
1,1.0,-64884.597656,-82074.773438,5277.615234,138,
1,2.0,-50798.375,-34681.820313,1097.27002,240,
1,1.0,-73027.46875,-67305.625,7533.908203,310,
1,1.0,-73821.148438,-34995.601563,526.396484,246,
1,2.0,-68689.9375,-51724.332031,4137.634766,244,
1,0.0,-71944.625,-77334.242188,7482.318848,285,
1,1.0,-29338.34375,-74027.257813,6093.178711,359,
1,1.0,-58024.523438,-97791.414063,7993.689941,36,
1,1.0,-89876.179688,-89531.640625,4297.348145,135,
1,2.0,-68280.796875,-14200.039063,2605.570801,232,
1,2.0,-56637.128906,-92241.828125,5692.120117,282,
1,2.0,-100670.796875,-48309.675781,2264.432129,230,
1,0.0,-67222.5625,-48392.738281,5605.394531,203,
1,1.0,-94629.007813,-33700.492188,5306.668945,152,
1,2.0,-44172.097656,-75565.390625,6224.295898,283,
1,2.0,-83800.554688,-60783.9375,4823.790039,60,
1,1.0,-1547.359375,-96511.6875,4850.633301,178,
1,1.0,-67720.914063,-85535.570313,4608.063965,277,
1,1.0,-97096.179688,-57676.90625,3887.489746,56,
1,1.0,-62546.632813,-62408.203125,5972.796875,237,
1,1.0,-93699.976563,-18983.632813,1133.553711,173,
1,2.0,-83105.320313,-51029.09375,5165.771484,81,
1,2.0,-55111.300781,-60285.578125,1949.426758,203,
1,2.0,-92546.375,-8838.109375,2511.654297,310,
1,1.0,-56252.59375,-47002.265625,2684.481934,169,
1,1.0,-84692.671875,-44335.140625,5639.599609,302,
1,0.0,-88039.648438,-28516.984375,3309.741699,31,
1,1.0,-60568.59375,-6318.648438,708.245117,294,
1,0.0,-93699.976563,-51995.042969,3553.569824,224,
1,0.0,-59162.742188,-75451.570313,4304.846191,310,
1,2.0,-83376.03125,-39456.183594,4164.73291,255,
1,2.0,-74937.828125,-64164.75,4934.226563,280,
1,0.0,-13240.25,-96096.390625,4985.929688,163,
1,2.0,-57464.644531,-17300.921875,1162.583008,165,
1,0.0,-72981.328125,-88273.445313,4773.125977,335,
1,0.0,-10105.53125,-92014.1875,6438.537109,173,
1,2.0,-50087.757813,-12138.945313,1427.341797,135,
1,1.0,-87713.5625,-73934.96875,4251.444336,50,
1,0.0,-89762.359375,-83674.429688,3998.491699,308,
1,1.0,-46971.503906,-3054.734375,1608.34375,18,
1,1.0,-93235.460938,-24539.375,2923.195313,172,
1,2.0,-55015.9375,-61273.058594,2543.074707,183,
1,2.0,-54699.082031,-13535.570313,1150.09082,7,
1,0.0,-69434.390625,-77168.125,5650.046875,203,
1,0.0,-70132.703125,-51964.28125,3044.975586,293,
1,2.0,-7712.195313,-88273.445313,5065.456055,236,
1,0.0,-53111.730469,-53634.695313,1211.12793,44,
1,0.0,-5749.539063,-83166.84375,2357.101563,127,
1,0.0,-87722.796875,-61088.488281,3784.980957,203,
1,1.0,-84283.53125,-73584.28125,4727.68457,220,
1,1.0,-74008.804688,-80936.546875,5934.626953,234,
1,0.0,-67536.34375,-3953.0,1458.025879,149,
1,1.0,-87172.140625,-77288.101563,5682.923828,130,
1,0.0,-14003.164063,-85880.109375,6217.716309,208,
1,0.0,-56169.539063,-64413.925781,3217.367676,74,
1,2.0,-56972.441406,-56572.527344,2209.540039,294,
1,2.0,-46353.167969,-79453.789063,7546.323242,32,
1,2.0,-3451.570313,-88098.101563,4143.931152,195,
1,1.0,-10951.507813,-47712.878906,648.662598,68,
1,1.0,-14055.453125,-74174.921875,1488.338867,144,
1,2.0,-66878.015625,-44922.707031,5227.208984,233,
1,2.0,-41723.394531,-74488.703125,5619.613281,126,
1,1.0,-60024.097656,-86818.375,2912.458984,23,
1,1.0,-4897.414063,-99046.53125,4135.751465,11,
1,2.0,-56501.773438,-33965.054688,2788.040527,198,
1,1.0,-59331.9375,-56597.136719,3725.023926,200,
1,2.0,-51681.265625,-74947.0625,2803.20752,147,
1,0.0,-5983.335938,-94681.304688,5077.025391,35,
1,2.0,-91718.859375,-42289.425781,3893.526855,320,
1,1.0,-54717.539063,-59510.363281,1475.67627,224,
1,2.0,-71843.109375,-2574.835938,1693.577148,123,
1,0.0,-5623.414063,-74667.125,1196.526855,251,
1,0.0,-82591.578125,-54957.488281,4621.13916,154,
1,2.0,-60823.925781,-48509.632813,6548.402832,285,
1,2.0,-75313.140625,-87006.023438,5047.873047,80,
1,1.0,-91884.984375,-56723.261719,4356.869629,144,
1,0.0,-50426.148438,-68766.84375,3613.134277,290,
1,2.0,-98683.53125,-100138.601563,2663.632813,12,
1,1.0,-97234.609375,-22527.492188,2151.494141,159,
1,0.0,-72246.101563,-4479.046875,1588.03125,247,
1,2.0,-66185.859375,-76180.640625,5131.274414,313,
1,1.0,-87658.195313,-27489.515625,2537.389648,269,
1,0.0,-72793.679688,-1787.3125,1892.025879,300,
1,0.0,-100283.1875,-61070.027344,4952.485352,87,
1,0.0,-61916.0,-96733.179688,6798.184082,170,
1,1.0,-87599.742188,-83772.867188,3795.45459,202,
1,1.0,-82130.140625,-61962.144531,4772.364258,296,
1,2.0,-30938.0,-69274.429688,1138.497559,254,
1,2.0,-94035.289063,-17525.484375,1527.355469,245,
1,0.0,-3799.1875,-84437.34375,2640.988281,243,
1,2.0,-64149.371094,-77771.078125,5921.043945,111,
1,0.0,-59744.15625,-43406.105469,2951.857422,331,
1,2.0,-53348.601563,-53690.066406,1284.678223,253,
1,1.0,-66976.453125,-36432.214844,3235.529785,108,
1,2.0,-58070.667969,-59245.800781,3825.916016,198,
1,2.0,-21404.65625,-80324.375,6871.318359,186,
1,0.0,-73101.304688,-2559.453125,1886.227539,324,
1,1.0,-72273.789063,-34749.5,864.245117,203,
1,1.0,-53231.703125,-5780.304688,1177.282715,157,
1,1.0,-5561.890625,-85892.414063,5080.28418,32,
1,0.0,-72618.328125,-6490.921875,1360.223145,16,
1,1.0,-81917.882813,-75709.976563,5855.31543,60,
1,0.0,-56071.097656,-54262.25,2305.893066,126,
1,1.0,-94007.601563,-17562.398438,1520.722656,337,
1,1.0,-65419.867188,-81739.453125,5321.045898,333,
1,1.0,-89688.53125,-58101.429688,3556.476074,21,
1,1.0,-75183.9375,-178.421875,2712.519043,14,
1,0.0,-65979.75,-8050.585938,1667.175781,90,
1,1.0,-68816.0625,-95638.023438,4731.495117,50,
1,0.0,-44688.914063,-60633.199219,1853.212891,74,
1,2.0,-63774.066406,-31667.078125,2415.208496,13,
1,0.0,-53240.933594,-40997.390625,623.520996,89,
1,0.0,-86649.179688,-37238.195313,5980.608398,216,
1,0.0,-97262.296875,-96803.929688,2594.952148,80,
1,0.0,-71710.828125,-52791.796875,2565.258301,196,
1,0.0,-55012.859375,-89993.078125,5752.253906,51,
1,1.0,-59088.910156,-12338.90625,1182.474609,331,
1,0.0,-53379.363281,-24714.71875,1558.410156,187,
1,1.0,-48057.421875,-3568.46875,2199.151367,143,
1,1.0,-95419.609375,-83822.09375,3519.455566,332,
1,1.0,-84646.53125,-71815.421875,4272.230957,60,
1,1.0,-79216.921875,-3082.421875,2270.708496,152,
1,0.0,-69514.375,-65506.0,4509.959961,183,
1,0.0,-44181.328125,-70234.226563,4517.437988,241,
1,0.0,-74673.273438,-92669.429688,3930.103516,99,
1,0.0,-57027.8125,-24890.0625,1697.981934,43,
1,1.0,-3470.03125,-86643.023438,3495.863281,232,
1,1.0,-64143.21875,-16633.367188,2035.313965,280,
1,1.0,-26354.367188,-99252.640625,7004.38623,14,
1,0.0,-92614.054688,-14523.054688,1631.31543,104,
1,1.0,-62143.644531,-40652.847656,3753.644531,237,
1,2.0,-49177.1875,-3826.875,2593.21875,304,
1,0.0,-59042.769531,-82200.898438,3173.351074,38,
1,0.0,-58273.703125,-88765.648438,3030.310547,308,
1,0.0,-51742.792969,-27034.21875,1538.958008,334,
1,2.0,-58021.445313,-38114.933594,2597.536621,318,
1,1.0,-78620.125,-41301.945313,3053.827637,217,
1,0.0,-73793.46875,-95007.390625,3682.649414,247,
1,0.0,-41018.925781,-3036.273438,1297.264648,199,
1,1.0,-50758.386719,-73239.734375,3023.273438,98,
1,0.0,-42513.992188,-64167.828125,2128.796875,208,
1,2.0,-69822.0,-30941.078125,987.841797,8,
1,1.0,-80192.09375,-91737.320313,3564.390625,274,
2,0.0,-70557.234375,-95985.640625,4538.529297,286,
2,0.0,-78767.78125,-65333.734375,5289.385742,71,
2,0.0,-95102.757813,-33432.859375,5040.342773,31,
2,0.0,-7133.859375,-81161.117188,1290.719727,210,
2,0.0,-57858.40625,-72919.804688,4858.07959,25,
2,0.0,-82462.375,-98000.601563,5706.575195,328,
2,0.0,-51552.0625,-60707.027344,587.854492,40,
2,0.0,-17882.335938,-74208.757813,1099.928223,224,
2,0.0,-61030.035156,-27846.351563,2382.830566,265,
2,0.0,-98640.460938,-89060.96875,3754.697754,15,
2,0.0,-181.5,-81370.304688,1666.864746,195,
2,0.0,-41821.832031,-70784.875,5030.81543,84,
2,0.0,-79592.226563,-63358.769531,5310.828125,17,
2,0.0,-92331.039063,-89660.84375,4291.010254,150,
2,0.0,-89839.265625,-41994.101563,4871.98877,12,
2,0.0,-65256.824219,-14501.515625,2364.276855,76,
2,0.0,-84412.734375,-27637.171875,1219.429688,178,
2,0.0,-87676.648438,-34426.492188,5226.487305,95,
2,0.0,-82979.195313,-61629.90625,4675.705566,114,
2,0.0,-92008.03125,-5737.234375,4152.743652,335,
2,0.0,-75725.359375,-95844.132813,3632.244141,272,
2,0.0,-100670.796875,-29316.8125,3242.768066,79,
2,0.0,-49869.34375,-78454.007813,3698.779785,212,
2,0.0,-66945.695313,-78687.804688,5250.511719,32,
2,0.0,-372.226563,-41068.148438,1370.396973,99,
2,0.0,-87445.929688,-97003.890625,6490.197754,101,
2,0.0,-92850.929688,-48423.5,5078.371094,283,
2,0.0,-71258.625,-97111.554688,4432.960449,25,
2,0.0,-93130.867188,-74488.703125,5220.808594,349,
2,0.0,-78644.734375,-49967.785156,3711.62207,8,
2,0.0,-58418.285156,-19906.515625,1264.232422,123,
2,0.0,-91897.289063,-15445.929688,1505.066406,134,
2,0.0,-98963.46875,-42009.484375,1763.42041,3,
2,0.0,-100018.625,-41172.738281,1506.888672,316,
2,0.0,-94579.789063,-25246.914063,3680.275879,16,
2,0.0,-52973.296875,-76294.46875,2952.907227,91,
2,0.0,-83262.210938,-64152.445313,3933.517822,359,
2,0.0,-90986.710938,-91042.085938,4184.062988,313,
2,0.0,-46208.589844,-64186.285156,2942.742188,101,
2,0.0,-65712.109375,-58852.039063,5049.544922,179,
2,0.0,-63657.167969,-81505.664063,5407.132813,264,
2,0.0,-3063.960938,-39693.058594,887.171875,266,
2,0.0,-14196.96875,-49238.710938,1154.268555,217,
2,0.0,-97997.523438,-88374.960938,3758.334473,212,
2,0.0,-71034.054688,-7749.109375,1280.87207,254,
2,0.0,-69277.507813,-14581.5,2419.128418,21,
2,0.0,-738.304688,-62903.480469,735.058594,72,
2,0.0,-68563.8125,-77368.085938,5317.849609,101,
2,0.0,-72627.5625,-70203.460938,7448.056641,240,
2,0.0,-57233.921875,-21783.039063,2186.368652,140,
2,0.0,-54363.769531,-35727.746094,1813.912598,198,
2,0.0,-77764.921875,-44039.824219,3288.647949,272,
2,0.0,-50758.386719,-66724.203125,2131.456543,166,
2,0.0,-36715.230469,-65539.84375,1643.583008,56,
2,0.0,-24545.523438,-73288.953125,3191.515137,266,
2,0.0,-79324.59375,-58141.425781,5349.607422,339,
2,0.0,-87052.171875,-79007.734375,5378.699219,268,
2,0.0,-95718.007813,-79038.5,6821.856445,331,
2,0.0,-85046.445313,-86409.226563,3213.039063,192,
2,0.0,-59319.632813,-98246.703125,7562.86377,72,
2,0.0,-58138.347656,-73759.625,4348.665527,58,
2,0.0,-24539.375,-78733.945313,7216.782715,294,
2,0.0,-71649.304688,-4189.875,1693.765137,237,
2,0.0,-100455.460938,-5869.515625,7485.260742,163,
2,0.0,-65164.539063,-69822.0,2797.546875,23,
2,0.0,-14935.273438,-95659.5625,6836.728027,29,
2,0.0,-55086.691406,-20367.953125,1465.978516,304,
2,0.0,-74199.53125,-44821.195313,2670.379883,39,
2,0.0,-87556.671875,-96216.367188,6303.727539,269,
2,0.0,-94262.9375,-29953.601563,4431.561035,157,
2,0.0,-45805.597656,-1042.851563,1246.512695,254,
2,0.0,-46614.65625,-6752.398438,587.265625,147,
2,0.0,-67865.5,-41246.574219,3622.642578,336,
2,0.0,-59636.488281,-40209.867188,2808.375488,176,
2,0.0,-56037.257813,-61039.265625,2716.328125,66,
2,0.0,-88974.835938,-95471.90625,5522.617188,331,
2,0.0,-95068.914063,-53600.855469,2497.914063,243,
2,0.0,-77128.132813,-43089.253906,2874.384277,11,
2,0.0,-77254.265625,-66431.960938,7144.023926,207,
2,0.0,-67219.484375,-33663.578125,1472.115234,135,
3,0.0,-80973.46875,-61989.832031,5115.958008,193,
3,0.0,-99037.296875,-6401.710938,6939.025391,61,
3,0.0,-60500.917969,-34506.46875,3187.104004,181,
3,0.0,-52911.773438,-51524.375,847.115723,224,
3,0.0,-6450.929688,-75562.3125,1003.45459,339,
3,0.0,-64472.378906,-24914.679688,2261.119629,128,
3,0.0,-12335.828125,-88076.5625,6198.624023,352,
3,0.0,-65650.585938,-24659.34375,2047.18457,195,
3,0.0,-6294.039063,-92057.25,5395.220703,263,
3,0.0,-95625.71875,-100313.953125,3314.062988,83,
3,0.0,-96308.648438,-55372.785156,2466.737793,110,
3,0.0,-23542.664063,-71030.976563,585.660645,211,
3,0.0,-52865.625,-41941.808594,495.015137,339,
3,0.0,-67342.53125,-78607.820313,5319.533203,152,
3,0.0,-54594.488281,-38871.691406,894.838379,325,
3,0.0,-91248.195313,-52447.253906,4768.111816,296,
3,0.0,-97702.203125,-14018.539063,1759.503906,73,
3,0.0,-97994.445313,-23355.015625,2627.866211,227,
3,0.0,-72150.734375,-95127.367188,4113.86084,306,
3,0.0,-89710.0625,-41680.328125,4799.85498,260,
3,0.0,-56741.71875,-30110.492188,2785.274902,173,
3,0.0,-99600.257813,-30353.515625,3413.979004,141,
3,0.0,-91875.75,-88879.46875,4337.408691,191,
3,0.0,-16673.359375,-86486.132813,6973.590332,244,
3,0.0,-91454.304688,-64167.828125,4736.213867,65,
3,0.0,-661.398438,-76669.773438,1104.256836,229,
3,0.0,-98643.539063,-44882.71875,1767.611328,80,
3,0.0,-76282.164063,-51376.714844,3656.276855,92,
3,0.0,-412.21875,-48401.964844,1565.676758,128,
3,0.0,-80062.890625,-48405.042969,3289.462891,165,
3,0.0,-91848.0625,-81625.632813,3730.674805,266,
3,0.0,-58765.90625,-91278.953125,4533.740723,300,
3,0.0,-553.726563,-50327.710938,1529.742676,71,
3,0.0,-91866.523438,-21884.554688,1228.706543,172,
3,0.0,-97333.046875,-5531.125,6783.556641,104,
3,0.0,-59854.902344,-42926.210938,2860.453125,239,
3,0.0,-35426.277344,-66188.9375,2774.032227,358,
3,0.0,-70363.429688,-14009.3125,2012.085449,211,
3,0.0,-98680.453125,-92048.023438,3488.362793,76,
3,0.0,-53813.117188,-36835.207031,1262.062012,282,
3,0.0,-66647.296875,-73332.023438,4008.27002,66,
3,0.0,-71470.882813,-78383.25,6647.151855,173,
3,0.0,-18799.0625,-100323.179688,3265.955078,290,
3,0.0,-74101.09375,-84883.398438,6148.964844,72,
3,0.0,-61066.949219,-85683.234375,3041.572754,222,
3,0.0,-84077.421875,-67330.234375,3345.109375,41,
3,0.0,-68231.578125,-96647.039063,4843.674805,161,
3,0.0,-70914.078125,-67564.023438,5980.467773,334,
3,0.0,-53182.480469,-12323.523438,1774.875,9,
3,0.0,-77629.5625,-57759.964844,5134.136719,295,
3,0.0,-54354.539063,-458.359375,4024.124512,137,
3,0.0,-70132.703125,-54517.582031,4512.0625,179,
3,0.0,-93518.476563,-48503.480469,4641.311035,173,
3,0.0,-69372.867188,-24253.28125,908.091309,142,
3,0.0,-79143.09375,-55828.070313,4812.32373,262,
3,0.0,-65139.929688,-96167.140625,5792.683594,273,
3,0.0,-55117.453125,-19158.984375,1454.62793,215,
3,0.0,-57953.769531,-79515.320313,3441.650391,104,
3,0.0,-64112.453125,-26698.914063,2556.907715,58,
3,0.0,-89882.335938,-43369.191406,5389.839844,136,
3,0.0,-75070.117188,-65432.171875,5861.527344,157,
3,0.0,-50380.003906,-9659.476563,2256.469238,19,
3,0.0,-7315.359375,-44559.707031,922.411621,301,
3,0.0,-86566.117188,-59082.757813,3913.654785,83,
3,0.0,-68622.257813,-99012.6875,4884.370605,313,
3,0.0,-64921.515625,-95388.851563,5213.198242,32,
3,0.0,-100729.242188,-95216.578125,2229.570801,162,
3,0.0,-7912.15625,-52179.621094,778.484375,60,
3,0.0,-75267.0,-50518.4375,3275.474609,171,
3,0.0,-96822.390625,-29252.210938,4015.269043,336,
3,0.0,-65229.140625,-37936.511719,4232.191895,120,
3,0.0,-42837.003906,-1313.570313,1794.532227,95,
3,0.0,-63721.769531,-590.640625,1632.689941,37,
3,0.0,-79527.625,-76420.59375,6840.334473,283,
3,0.0,-90925.1875,-63235.71875,4350.850098,357,
3,0.0,-99603.335938,-14061.609375,2644.307617,89,
3,0.0,-3199.3125,-90660.625,4291.463379,298,
3,0.0,-32685.320313,-70378.8125,1503.853516,139,
3,0.0,-70566.460938,-65232.214844,5449.517578,246,
3,0.0,-98391.28125,-84634.226563,5702.493164,71,
3,0.0,-76691.304688,-86673.789063,4625.08252,149,
3,0.0,-9693.3125,-77118.90625,1509.407715,200,
3,0.0,-61085.410156,-51958.128906,5586.599609,177,
3,0.0,-62291.304688,-5180.429688,1317.506836,282,
3,0.0,-96687.03125,-30135.101563,4083.971191,94,
3,0.0,-42206.363281,-66819.570313,3417.688965,148,
3,0.0,-63075.753906,-83985.132813,3917.993652,192,
3,0.0,-16230.375,-86313.867188,6851.09082,227,
3,0.0,-90263.789063,-100184.75,5048.290039,222,
3,0.0,-93607.6875,-78906.21875,4130.952637,37,
3,0.0,-90051.53125,-6109.460938,3484.436523,177,
3,0.0,-60913.140625,-91598.890625,4536.923828,319,
3,0.0,-71107.882813,-82880.75,6098.986328,77,
3,0.0,-76728.21875,-61030.035156,5436.767578,243,
3,0.0,-69332.875,-68939.117188,4087.433594,219,
3,0.0,-95459.601563,-100467.765625,3383.13623,335,
3,0.0,-100157.0625,-51481.308594,1671.775391,321,
3,0.0,-50124.675781,-32362.3125,958.644043,36,
3,0.0,-95721.085938,-62783.507813,5786.691406,78,
3,0.0,-65432.171875,-5081.992188,1963.359375,81,
3,0.0,-95751.851563,-84649.609375,3515.293457,253,
3,0.0,-26037.515625,-97745.265625,7721.119141,9,
3,0.0,-43356.886719,-65398.332031,3157.108398,76,
3,0.0,-84357.359375,-8681.21875,571.458984,7,
3,0.0,-76746.679688,-46694.636719,2708.433105,172,
3,0.0,-36607.5625,-64700.019531,666.513672,33,
3,0.0,-73276.648438,-66588.84375,6632.782715,145,
3,0.0,-83311.429688,-88556.460938,3054.331543,58,
3,0.0,-80435.125,-77961.804688,5684.882813,144,
3,0.0,-22441.359375,-77420.382813,4591.685059,171,
3,0.0,-64210.894531,-999.789063,1610.004883,276,
3,0.0,-54526.8125,-36389.148438,1690.301758,279,
3,0.0,-91761.929688,-73553.515625,4264.314941,250,
3,0.0,-1756.546875,-75171.632813,527.110352,40,
3,0.0,-80478.1875,-87728.945313,3584.775391,57,
3,0.0,-55972.65625,-60977.738281,2682.584961,1,
3,0.0,-42667.808594,-69317.5,4170.852051,81,
3,0.0,-14264.640625,-80518.179688,2839.75,185,
3,0.0,-62857.339844,-25265.367188,2466.119629,125,
3,0.0,-73359.710938,-19574.273438,560.641602,207,
3,0.0,-65496.773438,-89294.765625,3700.141602,290,
3,0.0,-61888.316406,-65315.277344,4233.966797,179,
3,0.0,-85581.710938,-59882.589844,4411.093262,75,
3,0.0,-79782.953125,-69354.414063,7619.34082,236,
3,0.0,-27095.75,-75485.40625,7658.914551,152,
3,0.0,-96391.710938,-2648.664063,6635.396973,107,
3,0.0,-88116.554688,-91583.507813,4073.195557,195,
3,0.0,-70778.71875,-4448.28125,1575.672852,37,
3,0.0,-55883.445313,-44049.050781,1533.007813,206,
3,0.0,-12274.296875,-88088.867188,6193.575195,46,
3,0.0,-99898.65625,-22389.0625,3026.54834,244,
3,0.0,-7653.75,-43796.792969,905.368652,167,
3,0.0,-89950.007813,-57292.375,3588.86377,235,
3,0.0,-57901.472656,-16067.335938,1306.373047,36,
3,0.0,-66284.296875,-31673.234375,1838.702148,75,
3,0.0,-95275.023438,-24148.6875,3101.795898,317,
3,0.0,-86778.382813,-88402.648438,3701.616699,268,
3,0.0,-5811.070313,-85517.109375,4912.992676,63,
3,0.0,-60762.398438,-64896.902344,4354.726563,101,
3,0.0,-94696.6875,-46636.191406,2960.09082,9,
3,0.0,-70587.992188,-96247.125,4524.594238,163,
3,0.0,-96773.171875,-20057.25,1783.063965,210,
3,0.0,-65764.40625,-79330.742188,5444.966797,107,
3,0.0,-17020.976563,-93478.484375,7531.517578,150,
3,0.0,-71332.453125,-43938.300781,3985.342285,358,
3,0.0,-46983.808594,-5811.070313,1186.361816,46,
3,0.0,-69908.140625,-69009.867188,4586.739258,333,
3,0.0,-60814.699219,-22896.640625,2213.851074,320,
3,0.0,-65103.011719,-4432.898438,1784.739258,16,
3,0.0,-65235.292969,-91749.625,3776.829102,151,
3,0.0,-80730.4375,-55443.535156,4717.480957,191,
3,0.0,-64924.589844,-10849.992188,1588.278809,106,
3,0.0,-70461.867188,-66241.234375,6107.452148,116,
3,0.0,-65302.96875,-36343.007813,2926.623535,279,
3,0.0,-54320.703125,-58021.445313,1334.911621,144,
3,0.0,-54209.957031,-85757.0625,5084.810547,292,
3,0.0,-64318.5625,-47316.042969,6231.188477,215,
3,0.0,-7589.148438,-40705.148438,683.716797,79,
3,0.0,-58636.703125,-47648.28125,5747.827148,244,
3,0.0,-83486.773438,-89623.929688,3208.086914,283,
3,0.0,-20958.59375,-98277.460938,5416.151367,80,
3,0.0,-10880.75,-100581.585938,3503.469238,134,
3,0.0,-52656.441406,-65641.359375,1190.034668,65,
3,0.0,-70901.773438,-83563.6875,5709.458984,249,
3,0.0,-54216.109375,-67613.25,2281.008301,80,
3,0.0,-43879.855469,-77774.148438,7431.009766,192,
3,0.0,-61002.351563,-22733.601563,2245.775391,204,
3,0.0,-1159.75,-64093.996094,603.540527,45,
3,0.0,-56606.367188,-32414.617188,2763.084473,40,
3,0.0,-78641.65625,-43073.875,3548.405273,354,
3,0.0,-79180.0,-12.304688,2594.096191,50,
3,0.0,-51118.308594,-2076.484375,3923.643066,157,
3,0.0,-77183.507813,-89331.679688,3916.713379,266,
3,0.0,-57043.199219,-66511.9375,4067.898438,317,
3,0.0,-43818.332031,-75183.9375,6220.599609,209,
3,0.0,-66041.273438,-15516.6875,2212.768066,62,
3,0.0,-96065.625,-44713.523438,2172.050293,327,
3,0.0,-6527.835938,-76811.28125,999.069336,110,
3,0.0,-67447.125,-24782.398438,1194.477539,285,
3,0.0,-86467.679688,-12711.132813,538.025879,115,
3,0.0,-58356.761719,-43464.558594,2179.973145,137,
3,0.0,-9068.828125,-86212.351563,4985.148438,100,
3,0.0,-66435.03125,-13424.820313,2615.833984,194,
3,0.0,-67982.398438,-69782.015625,3069.87793,271,
3,0.0,-64881.519531,-64370.859375,4280.457031,191,
3,0.0,-56483.316406,-78229.4375,3534.191895,50,
3,0.0,-21358.507813,-77386.539063,4232.337402,27,
3,0.0,-4814.351563,-83751.335938,2511.206543,32,
3,0.0,-9333.390625,-96597.820313,5545.886719,99,
3,0.0,-49638.625,-87433.625,6404.461914,271,
3,0.0,-92740.1875,-14603.03125,1638.021484,120,
3,0.0,-53293.226563,-83016.109375,5268.120117,10,
3,0.0,-63897.117188,-37758.085938,3474.085449,260,
3,0.0,-83212.984375,-46436.230469,5372.887695,202,
3,0.0,-80275.15625,-42418.625,3833.913574,111,
3,0.0,-91860.375,-1442.765625,3610.550293,151,
3,0.0,-76928.179688,-224.570313,2809.259766,214,
3,0.0,-74445.632813,-75660.757813,7925.899414,306,
3,0.0,-64352.402344,-20915.53125,2944.597656,210,
3,0.0,-76085.28125,-6131.0,1217.869629,24,
3,0.0,-74580.984375,-87575.132813,4988.458984,226,
3,0.0,-99637.171875,-47731.335938,1998.822754,319,
3,0.0,-58181.414063,-19251.273438,1269.013672,115,
3,0.0,-63134.199219,-66164.328125,3962.404297,248,
3,0.0,-78478.617188,-50155.4375,3792.614746,15,
3,0.0,-21426.195313,-78598.59375,5426.445313,266,
3,0.0,-9997.867188,-78940.054688,1763.417969,177,
3,0.0,-68539.203125,-98179.023438,4905.830078,278,
3,0.0,-90906.726563,-98345.140625,5132.455078,123,
3,0.0,-32608.421875,-73079.765625,4116.375977,127,
3,0.0,-65090.707031,-27348.0,2058.046875,159,
3,0.0,-55692.714844,-89974.625,4866.233887,187,
3,0.0,-89104.039063,-2248.75,2726.15918,226,
3,0.0,-66841.101563,-7207.695313,1608.59082,338,
3,0.0,-91974.195313,-85793.976563,4228.36084,5,
3,0.0,-59018.160156,-65755.179688,4414.303711,251,
3,0.0,-52407.261719,-26468.1875,1786.129395,266,
3,0.0,-13160.265625,-76700.53125,2218.601074,307,
3,0.0,-6241.742188,-43969.0625,984.37207,24,
3,0.0,-52198.078125,-67779.359375,1929.185547,9,
3,0.0,-82004.015625,-81222.640625,3438.039551,147,
3,0.0,-75060.890625,-54859.046875,4231.630371,200,
3,0.0,-55575.820313,-85458.664063,5084.574219,332,
3,0.0,-19432.773438,-81173.421875,6311.111328,114,
3,0.0,-55874.214844,-86969.109375,4943.316406,342,
3,0.0,-71520.101563,-48614.226563,3260.891602,271,
3,0.0,-85987.78125,-41492.675781,5601.242188,168,
3,0.0,-94638.242188,-64896.902344,5965.433594,48,
3,0.0,-91017.476563,-62934.242188,4418.908203,126,
3,0.0,-97222.304688,-25016.195313,3294.557129,161,
3,0.0,-77851.0625,-45922.492188,3043.421875,37,
3,0.0,-90746.765625,-81634.867188,3876.293945,242,
3,0.0,-51370.5625,-86584.578125,6332.927734,286,
3,0.0,-47983.59375,-2091.859375,2293.597168,229,
3,0.0,-78475.539063,-83582.140625,4839.277344,103,
3,0.0,-64487.757813,-88845.632813,3862.425293,302,
3,0.0,-96179.445313,-94884.34375,3356.252441,288,
3,0.0,-88722.578125,-87396.710938,4465.481934,316,
3,0.0,-65038.410156,-4300.617188,1768.52832,58,
3,0.0,-57636.917969,-83019.1875,4937.949219,125,
3,0.0,-96068.703125,-30242.773438,4155.178711,163,
3,0.0,-87925.828125,-74602.523438,4698.725098,121,
3,0.0,-56400.257813,-53148.644531,2644.475098,314,
3,0.0,-69477.460938,-61522.238281,3482.707031,115,
3,0.0,-90491.4375,-83277.59375,3997.013428,336,
3,0.0,-54456.054688,-64143.21875,2546.688965,359,
3,0.0,-84895.703125,-81191.882813,4023.828857,359,
3,0.0,-75017.8125,-8053.664063,922.897461,156,
3,0.0,-53557.785156,-91592.734375,6411.381836,25,
3,0.0,-89125.570313,-37327.410156,5705.641602,177,
3,0.0,-49607.863281,-9945.570313,1988.010742,87,
3,0.0,-77069.6875,-46869.984375,2759.581543,181,
3,0.0,-60934.671875,-39536.167969,3069.226074,301,
3,0.0,-9145.734375,-91531.210938,5630.56543,132,
3,0.0,-87252.125,-77063.53125,5661.135742,119,
3,0.0,-50607.648438,-14249.257813,921.219727,217,
3,0.0,-85369.453125,-88633.367188,3199.669434,26,
3,0.0,-63140.351563,-57304.679688,4625.017578,115,
3,0.0,-61522.238281,-19343.554688,2519.145996,241,
3,0.0,-57372.355469,-13043.367188,887.925781,300,
3,0.0,-93819.953125,-7220.0,4244.116699,63,
3,0.0,-8702.757813,-93072.421875,4985.9375,62,
3,0.0,-2864.007813,-42449.394531,1200.26709,10,
3,0.0,-14704.554688,-71584.703125,1259.659668,223,
3,0.0,-97145.398438,-28603.117188,3953.067627,14,
3,0.0,-18808.289063,-77980.257813,4428.838867,51,
3,0.0,-58882.800781,-50493.828125,6088.172852,324,
3,0.0,-99068.0625,-52004.273438,1695.995605,112,
3,0.0,-90220.71875,-90002.304688,4257.463379,155,
3,0.0,-68025.46875,-33140.609375,1213.018555,22,
3,0.0,-77829.523438,-91435.84375,3688.851074,251,
3,0.0,-84603.460938,-93456.953125,4731.643555,299,
3,0.0,-99840.203125,-27938.648438,3465.589355,172,
3,0.0,-69117.539063,-66924.15625,4048.399414,14,
3,0.0,-71255.546875,-28504.679688,629.412598,349,
3,0.0,-52102.710938,-66785.726563,1533.961426,81,
3,0.0,-93044.734375,-49638.625,4955.142578,56,
3,0.0,-14003.164063,-72821.359375,1177.119141,359,
3,0.0,-90414.523438,-43387.648438,5151.916992,357,
3,0.0,-61322.28125,-84871.09375,3172.131348,25,
3,0.0,-74947.0625,-99627.945313,3903.900391,258,
3,0.0,-17457.8125,-74771.71875,1446.478027,151,
3,0.0,-58922.796875,-5245.039063,1270.330566,270,
3,0.0,-67296.390625,-79792.179688,5095.274414,39,
3,0.0,-22598.25,-99212.648438,5543.05957,127,
3,0.0,-85234.09375,-62620.464844,3856.219238,92,
3,0.0,-79866.015625,-90411.453125,3637.691406,296,
3,0.0,-76097.585938,-80838.109375,5980.900391,258,
3,0.0,-50967.570313,-60571.671875,552.818359,137,
3,0.0,-98738.898438,-31150.265625,3535.322754,323,
3,0.0,-96404.015625,-38853.234375,2847.496582,103,
3,0.0,-7124.632813,-41080.453125,746.303223,281,
3,0.0,-16494.9375,-83726.726563,5763.329102,13,
3,0.0,-8348.984375,-89605.46875,4985.9375,35,
3,0.0,-69643.578125,-61728.347656,3387.625977,183,
4,1.0,-84351.203125,-8204.40625,650.458008,358,
4,0.0,-82536.210938,-67883.953125,4462.84082,190,
4,0.0,-88285.75,-94530.570313,5156.286133,359,
4,1.0,-53656.226563,-10880.75,1408.858398,297,
4,1.0,-2848.617188,-87565.90625,3519.59668,89,
4,1.0,-2528.6875,-93527.710938,6013.056641,24,
4,0.0,-93007.820313,-22687.460938,1666.763672,94,
4,0.0,-63881.734375,-43523.007813,6031.506836,148,
4,0.0,-100489.296875,-93340.054688,2515.101074,337,
4,0.0,-66133.5625,-66567.3125,2968.339355,305,
4,1.0,-98397.4375,-13240.25,2509.039551,195,
4,0.0,-52465.710938,-73907.28125,2731.193359,59,
4,0.0,-87052.171875,-42550.90625,5693.976563,312,
4,1.0,-57895.320313,-78297.117188,3503.233887,217,
4,0.0,-68776.078125,-36339.929688,2969.732422,341,
4,1.0,-95693.398438,-38600.980469,2912.805176,114,
4,1.0,-54259.175781,-89193.25,6858.056641,357,
4,1.0,-79995.21875,-31384.0625,599.345215,349,
4,0.0,-75580.773438,-57400.042969,4834.930664,244,
4,0.0,-97825.25,-22069.132813,2182.487793,151,
4,0.0,-54868.273438,-31131.8125,2385.616699,15,
4,0.0,-61525.316406,-17888.484375,2063.76709,16,
4,1.0,-10037.851563,-42323.265625,525.918945,318,
4,1.0,-66330.4375,-26495.882813,1408.337891,335,
4,1.0,-94856.65625,-59999.488281,5015.583984,46,
4,1.0,-94589.015625,-89688.53125,4104.761719,149,
4,0.0,-72519.890625,-46463.917969,3227.768066,120,
4,1.0,-23896.429688,-97213.070313,7109.544922,183,
4,1.0,-100461.609375,-36638.324219,1991.231934,296,
4,1.0,-67539.414063,-5254.265625,1491.573242,79,
4,0.0,-10037.851563,-85187.953125,4763.978516,358,
4,0.0,-96096.390625,-14258.492188,1512.746582,230,
4,1.0,-68948.34375,-2577.90625,1659.289551,83,
4,1.0,-14218.5,-82853.0625,4435.425293,313,
4,0.0,-89427.046875,-52388.804688,5053.923828,15,
4,1.0,-35970.777344,-67754.75,3814.919922,177,
4,0.0,-20226.445313,-74516.382813,2189.013672,118,
4,1.0,-66388.890625,-34509.546875,1858.629883,338,
4,0.0,-1947.273438,-61796.027344,762.617676,230,
4,0.0,-18368.382813,-83514.460938,6883.632813,128,
4,1.0,-96505.53125,-28295.492188,4013.9729,205,
4,1.0,-39465.410156,-71114.03125,3482.49707,210,
4,0.0,-96219.4375,-4285.242188,6449.009766,274,
4,0.0,-100566.203125,-52099.636719,1709.437012,40,
4,0.0,-86621.492188,-70218.84375,3516.040527,215,
4,0.0,-94542.875,-65515.234375,6048.651367,254,
4,0.0,-73116.6875,-55062.078125,4547.154785,327,
4,1.0,-83357.578125,-80425.890625,4049.313721,298,
4,0.0,-10760.78125,-44818.117188,521.291504,60,
4,1.0,-88651.828125,-83631.359375,3906.105957,170,
4,1.0,-3743.8125,-49247.9375,1080.079102,97,
4,0.0,-85104.890625,-99910.960938,6189.568359,337,
4,0.0,-66053.578125,-96219.4375,5595.552734,65,
4,0.0,-57932.238281,-23225.804688,2315.80957,201,
4,1.0,-74907.070313,-96324.03125,3757.579102,58,
4,1.0,-63761.761719,-52459.558594,5541.55957,121,
4,0.0,-72363.0,-16728.734375,1193.780273,168,
4,0.0,-99812.515625,-19463.53125,2204.39209,92,
4,0.0,-69185.21875,-59722.625,4498.118164,47,
4,0.0,-62180.5625,-35004.828125,2543.458496,325,
4,1.0,-92872.460938,-78813.929688,4190.376953,322,
4,1.0,-62891.175781,-63414.140625,5511.337402,161,
5,0.0,-59291.945313,-36945.953125,2666.979004,136,
5,0.0,-63272.632813,-64475.453125,4881.788086,38,
5,1.0,-78521.6875,-42603.203125,3437.35498,292,
5,1.0,-76146.804688,-7558.382813,905.084961,202,
5,0.0,-89500.875,-69717.40625,3242.02832,160,
5,1.0,-60654.730469,-910.578125,2474.452148,132,
5,2.0,-64700.019531,-72504.507813,3615.116699,43,
5,0.0,-75273.148438,-39422.34375,1191.257324,114,
5,0.0,-78921.601563,-2590.210938,2620.078125,117,
5,1.0,-47205.300781,-77764.921875,6197.323242,135,
5,2.0,-80284.382813,-57421.574219,5167.870117,282,
5,2.0,-17411.664063,-83212.984375,6035.150391,33,
5,2.0,-15750.484375,-100433.921875,2738.036133,288,
5,0.0,-89177.867188,-29630.59375,4157.244629,136,
5,0.0,-53351.675781,-61060.796875,1002.069824,161,
5,1.0,-20226.445313,-80696.601563,6305.671875,215,
5,2.0,-76728.21875,-52471.863281,3970.590332,228,
5,2.0,-9757.914063,-47971.289063,587.050293,55,
5,1.0,-91460.453125,-89565.476563,4339.750977,35,
5,0.0,-70615.679688,-7884.46875,1323.994141,290,
5,2.0,-61439.179688,-35669.300781,2666.544434,5,
6,2.0,-65395.257813,-66078.1875,3184.76709,178,
6,1.0,-84831.109375,-6134.070313,1489.347168,324,
6,2.0,-99615.640625,-54145.351563,1917.718262,313,
6,1.0,-7207.695313,-76076.054688,752.454102,173,
6,0.0,-74116.46875,-55037.46875,4540.342285,254,
6,0.0,-43969.0625,-63595.640625,2162.947266,158,
6,1.0,-48648.066406,-62288.230469,763.472656,352,
6,1.0,-3909.9375,-41544.96875,933.202148,307,
6,0.0,-82259.34375,-79807.5625,4266.850586,107,
6,1.0,-89454.734375,-2584.0625,2820.780762,280,
6,1.0,-3897.632813,-96287.117188,5094.489258,33,
6,0.0,-55397.394531,-9899.421875,561.485352,258,
6,2.0,-100387.78125,-41981.796875,1783.375,32,
6,0.0,-812.132813,-93413.882813,4479.850098,176,
6,1.0,-66834.953125,-11545.226563,1596.056152,306,
6,1.0,-87667.421875,-27366.460938,2453.427734,97,
6,2.0,-76017.601563,-90251.484375,3988.341553,110,
6,2.0,-4374.445313,-86547.65625,4678.946289,144,
6,2.0,-55508.140625,-38865.539063,1209.577637,216,
6,2.0,-57732.277344,-47503.695313,4495.178223,285,
6,2.0,-11582.140625,-83551.375,3986.112305,208,
6,2.0,-72178.421875,-80281.304688,6243.938477,120,
6,2.0,-93410.8125,-4445.203125,4279.194336,194,
6,0.0,-59445.761719,-10797.695313,728.149902,175,
6,2.0,-54022.304688,-15904.296875,1440.944336,165,
6,2.0,-50583.039063,-15421.320313,563.004883,41,
7,2.0,-2983.976563,-95594.960938,5389.127441,349,
7,1.0,-63057.296875,-85427.898438,3564.466309,251,
7,0.0,-77300.40625,-38767.101563,1133.367676,215,
7,2.0,-13181.796875,-81225.71875,2324.210449,304,
7,1.0,-14212.34375,-93863.023438,7235.797363,102,
7,0.0,-95453.453125,-49447.894531,2937.89209,52,
7,0.0,-8512.023438,-44584.316406,793.349609,181,
7,1.0,-84652.679688,-77312.710938,5835.636719,112,
7,1.0,-75546.9375,-84954.15625,5711.610352,63,
7,0.0,-59513.4375,-35303.222656,2787.078125,240,
7,2.0,-71163.257813,-36884.425781,2726.233398,0,
7,2.0,-97723.734375,-49943.175781,2129.363281,186,
7,0.0,-59888.742188,-76562.101563,4223.404785,81,
7,0.0,-73944.203125,-92610.984375,4054.300049,147,
7,2.0,-57996.835938,-3510.023438,2308.193848,54,
7,2.0,-5860.289063,-39016.277344,546.187988,266,
7,1.0,-85400.210938,-58129.121094,4558.67334,93,
7,2.0,-11086.859375,-77518.820313,1222.352539,190,
7,2.0,-68763.765625,-10327.023438,1588.27832,258,
7,1.0,-15129.078125,-85243.328125,6474.15918,106,
7,2.0,-13757.0625,-88411.875,6662.585938,333,
7,0.0,-57633.839844,-77432.6875,3811.529297,328,
7,2.0,-64558.511719,-35450.886719,2085.640137,146,
7,2.0,-57852.253906,-21986.070313,2019.833008,194,
7,2.0,-67065.671875,-79678.359375,5077.208008,119,
7,0.0,-93669.21875,-73713.484375,5850.765625,184,
7,2.0,-81665.625,-5638.796875,1141.535156,252,
7,2.0,-88707.203125,-36890.578125,5950.956055,104,
7,0.0,-1248.960938,-41548.046875,1344.675781,30,
8,0.0,-55692.714844,-66250.460938,3295.565918,127,
8,0.0,-9194.960938,-76402.140625,1213.462891,260,
8,0.0,-84434.265625,-52222.6875,5006.911133,71,
8,0.0,-71984.617188,-14178.507813,1183.160156,288,
8,0.0,-65730.570313,-42215.59375,3853.127441,61,
8,0.0,-66305.828125,-92066.484375,3750.203613,82,
8,0.0,-64696.945313,-84618.84375,4364.007813,348,
8,0.0,-93413.882813,-20048.023438,841.871094,68,
8,0.0,-57483.101563,-1808.84375,2444.398926,178,
8,0.0,-73267.421875,-56624.824219,4623.775391,142,
8,0.0,-61774.492188,-68062.375,3673.836426,201,
8,0.0,-53416.28125,-47442.171875,1206.026367,316,
8,0.0,-6232.515625,-58553.644531,537.040039,323,
8,0.0,-74983.976563,-62340.523438,4792.765137,228,
8,0.0,-762.914063,-91423.539063,4083.168213,4,
8,0.0,-90709.851563,-42280.199219,4482.233887,153,
8,0.0,-20792.484375,-79106.171875,5765.051758,29,
8,0.0,-7103.09375,-78084.851563,971.98877,72,
8,0.0,-55249.730469,-76460.585938,3644.588379,301,
8,0.0,-91743.476563,-5454.21875,4035.1521,299,
8,0.0,-1839.601563,-64133.988281,522.655762,104,
8,0.0,-95164.28125,-24653.195313,3467.315918,127,
8,0.0,-93047.8125,-71723.140625,4731.014648,19,
8,0.0,-1252.039063,-77497.289063,823.175781,115,
8,0.0,-68459.21875,-99747.914063,4691.10791,106,
8,0.0,-71661.609375,-2387.179688,1675.996094,169,
8,0.0,-49481.734375,-79613.757813,5537.931641,107,
8,0.0,-72836.742188,-68028.539063,7995.828613,338,
8,0.0,-65807.476563,-24244.046875,1962.594727,172,
8,0.0,-64189.359375,-91063.617188,3792.32373,42,
8,0.0,-85458.664063,-49890.875,5009.003906,87,
8,0.0,-79499.9375,-42787.777344,3814.935059,219,
8,0.0,-9001.15625,-51924.292969,623.975586,144,
8,0.0,-24856.226563,-72323.007813,2303.836426,177,
8,0.0,-85135.65625,-43889.082031,5641.884766,100,
8,0.0,-87781.242188,-55003.632813,3642.350098,236,
8,0.0,-93819.953125,-26769.664063,3855.648926,37,
8,0.0,-88621.0625,-78650.890625,5258.336914,124,
8,0.0,-90995.9375,-42969.277344,4663.126953,253,
8,0.0,-91961.890625,-38493.316406,2841.519043,107,
8,0.0,-94696.6875,-26105.195313,3949.689941,198,
8,0.0,-56369.496094,-69662.039063,3007.785645,153,
8,0.0,-3522.328125,-84557.3125,2616.618652,127,
8,0.0,-65779.789063,-87199.828125,4182.733887,156,
8,0.0,-92035.71875,-27572.570313,3745.01123,300,
8,0.0,-92195.6875,-83465.242188,4045.334473,20,
8,0.0,-87645.890625,-82185.515625,4062.441895,87,
8,0.0,-55012.859375,-12403.5,744.622559,286,
8,0.0,-7496.859375,-55286.648438,502.800293,313,
8,0.0,-55071.308594,-34743.34375,2361.933594,196,
8,0.0,-51207.519531,-32073.148438,1429.144531,337,
8,0.0,-62402.050781,-70261.90625,3373.401855,162,
8,0.0,-84735.742188,-32070.070313,3525.155762,226,
8,0.0,-100037.085938,-1544.289063,6959.109375,157,
8,0.0,-78595.515625,-7007.734375,770.097168,320,
8,0.0,-66930.3125,-18060.757813,2626.906738,338,
8,0.0,-95324.25,-96136.382813,3043.234375,179,
8,0.0,-81791.75,-59550.351563,5280.032227,100,
8,0.0,-67822.429688,-91712.710938,3267.896973,141,
8,0.0,-876.734375,-99812.515625,5386.506836,316,
8,0.0,-55295.878906,-67302.546875,3245.619141,140,
8,0.0,-76479.046875,-62454.347656,5143.385742,9,
8,0.0,-73599.65625,-54323.777344,4153.211426,230,
8,0.0,-53819.269531,-83788.25,4995.444336,325,
8,0.0,-88817.945313,-64220.121094,3759.918457,120,
8,0.0,-61045.417969,-4958.9375,1370.097656,290,
8,0.0,-3094.726563,-46236.273438,1393.817871,140,
8,0.0,-44735.054688,-59987.179688,1386.915527,269,
8,0.0,-93460.03125,-38382.566406,2675.214844,149,
8,0.0,-94013.757813,-88756.421875,4057.021973,221,
8,0.0,-67564.023438,-95877.976563,4985.47168,271,
8,0.0,-62137.492188,-84157.40625,3532.476563,209,
8,0.0,-73685.796875,-4343.6875,1801.245117,235,
8,0.0,-68766.84375,-33328.257813,994.140625,3,
8,0.0,-59439.609375,-84655.757813,2983.986816,30,
8,0.0,-99880.195313,-58169.109375,2769.442871,91,
8,0.0,-60682.417969,-50850.675781,5590.481445,84,
8,0.0,-784.445313,-42843.15625,1542.355469,146,
8,0.0,-70941.765625,-40625.164063,2802.876953,124,
8,0.0,-88239.609375,-37447.382813,6071.682617,135,
8,0.0,-66939.546875,-569.109375,1571.693359,216,
8,0.0,-12369.664063,-45454.902344,566.10791,181,
8,0.0,-99926.34375,-54791.371094,1981.125488,93,
8,0.0,-71953.859375,-15876.609375,1388.96582,174,
8,0.0,-62885.023438,-43922.921875,6792.472656,237,
8,0.0,-63204.957031,-40846.652344,4131.973145,163,
8,0.0,-70252.679688,-37204.359375,3382.983887,70,
8,0.0,-40280.625,-1710.40625,2042.277344,43,
8,0.0,-4755.90625,-44390.511719,1137.796875,339,
8,0.0,-78647.8125,-37982.652344,1666.415039,330,
9,0.0,-36352.234375,-68154.664063,3598.911621,222,
9,0.0,-95653.40625,-39542.320313,2738.181152,166,
9,0.0,-95730.3125,-12874.171875,1434.893066,49,
9,0.0,-87415.171875,-63770.988281,3519.452148,237,
9,0.0,-71778.507813,-50773.765625,2713.08252,47,
9,0.0,-63155.738281,-2673.28125,1895.800293,197,
9,0.0,-62694.296875,-25317.671875,2488.241211,124,
9,0.0,-64420.078125,-96499.382813,6022.444336,356,
9,0.0,-61632.984375,-61146.933594,5753.451172,15,
9,0.0,-16036.570313,-93580.007813,7743.774414,349,
9,0.0,-85830.890625,-95954.882813,6063.679688,202,
9,0.0,-12821.875,-74227.21875,1608.918457,10,
9,0.0,-90303.78125,-92441.789063,4218.135254,126,
9,0.0,-74411.796875,-686.007813,2414.055664,114,
9,0.0,-69517.453125,-44944.242188,4346.79541,5,
9,0.0,-97486.859375,-59147.363281,3943.190674,5,
9,0.0,-79718.351563,-36118.433594,1873.867188,304,
9,0.0,-89383.976563,-21576.929688,665.249512,349,
9,0.0,-68776.078125,-84105.109375,5005.551758,334,
9,0.0,-83748.257813,-61113.097656,4695.716797,126,
9,0.0,-80493.570313,-47131.464844,3546.780762,32,
9,0.0,-11271.4375,-47525.226563,714.127441,252,
9,0.0,-11499.078125,-81238.03125,2324.210449,325,
10,0.0,-88842.554688,-65121.472656,3523.776855,222,
10,0.0,-100615.421875,-23327.320313,3156.483887,350,
10,0.0,-98631.234375,-51604.355469,1759.256348,159,
10,0.0,-90648.320313,-2445.625,3227.749023,316,
10,0.0,-77395.765625,-80318.21875,5788.660156,72,
10,0.0,-69425.164063,-61236.144531,3545.85791,74,
10,0.0,-89030.203125,-94804.359375,5163.305664,2,
10,0.0,-88922.539063,-93376.96875,4540.765137,327,
10,0.0,-80059.8125,-70317.28125,7860.524414,197,
10,0.0,-1716.554688,-94973.554688,5023.393555,44,
10,0.0,-87535.140625,-52622.601563,4591.668457,234,
10,0.0,-59064.300781,-77872.59375,3830.937012,280,
10,0.0,-63712.539063,-51090.621094,5710.142578,189,
10,0.0,-64918.4375,-96816.234375,6360.150391,339,
10,0.0,-87652.039063,-37453.535156,6132.714844,351,
10,0.0,-96253.28125,-96963.898438,2685.800293,229,
10,0.0,-98231.320313,-59076.605469,3527.404297,110,
10,0.0,-71984.617188,-57646.144531,5193.398438,83,
10,0.0,-73055.15625,-63312.625,4221.05127,32,
10,0.0,-87845.84375,-94321.382813,5099.999023,27,
10,0.0,-59956.417969,-14021.617188,1229.683594,148,
10,0.0,-6155.609375,-58578.253906,545.966797,292,
10,0.0,-91211.28125,-83237.59375,4047.490234,177,
10,0.0,-53545.480469,-18134.585938,950.866699,292,
10,0.0,-56852.46875,-21140.09375,1939.740723,211,
10,0.0,-65158.386719,-60550.136719,4758.59375,268,
10,0.0,-10163.984375,-77158.898438,1220.056152,357,
10,0.0,-67388.679688,-8318.21875,1721.751465,165,
10,0.0,-38434.863281,-69978.890625,3703.558594,115,
10,0.0,-68896.046875,-80868.875,5313.867188,226,
10,0.0,-86879.898438,-57310.832031,3716.52002,110,
10,0.0,-67711.6875,-64555.4375,3281.830566,345,
10,0.0,-82277.804688,-43427.644531,4961.702148,166,
10,0.0,-97028.5,-6533.984375,6035.423828,64,
10,0.0,-80505.875,-96650.117188,4424.961914,92,
10,0.0,-68902.203125,-24779.320313,907.531738,256,
10,0.0,-77226.578125,-7678.359375,744.319336,25,
10,0.0,-75590.0,-100747.703125,3855.261719,317,
10,0.0,-51598.203125,-49161.804688,661.171387,131,
10,0.0,-96988.507813,-15716.640625,1544.292969,326,
10,0.0,-53779.277344,-67357.914063,2163.90332,317,
10,0.0,-52041.1875,-73178.210938,2876.128906,142,
10,0.0,-84585.0,-54145.351563,4654.650391,205,
10,0.0,-16470.328125,-96736.25,6479.700195,163,
10,0.0,-6878.53125,-44516.640625,955.712402,307,
10,0.0,-93309.296875,-36506.042969,3459.169434,13,
10,0.0,-65386.027344,-54935.953125,6431.291992,134,
10,0.0,-51127.535156,-61371.5,556.611328,248,
10,0.0,-72424.523438,-110.75,1916.677246,99,
10,0.0,-92850.929688,-98929.632813,3900.51416,78,
10,0.0,-91700.40625,-32328.476563,6126.867188,126,
10,0.0,-93659.984375,-75906.859375,5508.473633,260,
10,0.0,-23887.203125,-96837.773438,7292.969238,160,
10,0.0,-92992.4375,-30676.523438,5085.677734,208,
10,0.0,-60531.679688,-94229.09375,6183.25293,142,
10,0.0,-59682.632813,-53671.609375,5175.369141,310,
10,0.0,-75897.625,-64903.054688,5625.519531,291,
10,0.0,-21309.289063,-99603.335938,4493.390137,302,
10,0.0,-100034.007813,-32242.34375,2981.990723,141,
10,0.0,-94976.625,-15978.125,1657.117188,117,
10,0.0,-37838.066406,-66361.203125,2506.609863,268,
10,0.0,-12151.25,-50736.851563,974.779785,287,
10,0.0,-91555.820313,-41203.5,3273.453613,225,
10,0.0,-52354.96875,-17359.367188,635.733398,47,
10,0.0,-68594.578125,-16636.445313,2069.507324,79,
10,0.0,-2030.335938,-45814.828125,1577.878906,160,
10,0.0,-91854.21875,-38570.21875,2869.590332,359,
10,0.0,-87975.046875,-43661.441406,5683.646484,288,
10,0.0,-77863.359375,-86676.867188,4231.319824,248,
10,0.0,-48248.152344,-329.164063,2400.684082,73,
10,0.0,-94195.257813,-77817.21875,5213.495117,357,
10,0.0,-94961.25,-39080.882813,2735.184082,332,
10,0.0,-89260.929688,-51219.824219,5596.022461,125,
10,0.0,-12868.015625,-79093.867188,2712.572754,154,
10,0.0,-70018.882813,-64004.785156,4032.644043,77,
10,0.0,-58092.203125,-49924.71875,6075.45166,175,
10,0.0,-60476.308594,-29695.195313,2397.02832,295,
10,0.0,-96714.71875,-91475.835938,3914.500977,279,
10,0.0,-1242.8125,-97533.007813,4860.957031,80,
10,0.0,-90694.46875,-7853.710938,3119.224121,114,
10,0.0,-59156.589844,-93727.664063,7237.445801,65,
10,0.0,-58107.582031,-18282.25,1310.019531,77,
10,0.0,-50530.742188,-12526.554688,1590.776855,125,
10,0.0,-81785.601563,-55120.53125,4563.500977,308,
10,0.0,-76872.804688,-50912.199219,3660.462402,224,
10,0.0,-70188.078125,-21503.09375,1299.489258,198,
10,0.0,-97228.453125,-33918.90625,3881.654785,142,
10,0.0,-68739.15625,-98458.960938,4918.29834,84,
10,0.0,-100150.90625,-85350.992188,5572.400391,158,
10,0.0,-96425.546875,-87439.78125,3571.314453,129,
10,0.0,-92038.796875,-78823.15625,4597.109863,291,
10,0.0,-8007.523438,-42027.941406,819.718262,112,
10,0.0,-43516.855469,-73639.648438,5838.177734,328,
10,0.0,-50890.664063,-14698.398438,947.543945,109,
10,0.0,-69462.078125,-38231.828125,3218.217285,49,
10,0.0,-84425.039063,-35623.15625,4683.415039,45,
10,0.0,-566.03125,-94595.171875,4916.020996,175,
10,0.0,-73670.40625,-49220.253906,3069.911621,245,
10,0.0,-18679.085938,-76362.148438,3084.40332,103,
10,0.0,-58286.007813,-23890.28125,2383.58252,208,
10,0.0,-69901.984375,-73550.4375,6078.93457,210,
10,0.0,-59559.582031,-22942.789063,2531.461914,242,
10,0.0,-53117.882813,-52382.652344,1045.591797,94,
10,0.0,-43.0625,-99790.984375,4965.202148,190,
10,0.0,-34795.640625,-72719.84375,3507.963867,264,
10,0.0,-7964.453125,-53733.132813,608.009766,343,
10,0.0,-91697.328125,-48294.292969,5261.444336,136,
10,0.0,-1842.679688,-37598.121094,831.191895,9,
10,0.0,-53277.847656,-76134.5,3033.617188,270,
10,0.0,-513.742188,-77946.421875,929.117188,5,
11,0.0,-94915.101563,-69963.515625,7311.636719,269,
11,0.0,-36223.03125,-66124.328125,2755.091309,142,
11,0.0,-58350.609375,-42744.710938,2110.49707,354,
11,0.0,-61294.597656,-7053.875,486.851074,93,
11,0.0,-71049.4375,-14772.226563,1800.678223,141,
11,0.0,-60180.984375,-15409.015625,1425.853516,31,
11,0.0,-92703.265625,-65007.648438,5202.949219,97,
11,0.0,-5174.273438,-40462.125,656.48291,343,
11,0.0,-78149.453125,-65992.046875,5919.543945,125,
11,0.0,-100092.460938,-46125.527344,2360.141113,141,
11,0.0,-94016.835938,-47220.679688,3777.999512,212,
11,0.0,-55206.664063,-81179.578125,4406.783691,116,
11,0.0,-54397.609375,-69443.625,2960.01416,154,
11,0.0,-72215.34375,-48506.554688,3307.486816,291,
11,0.0,-73836.53125,-85554.023438,5958.958984,249,
11,0.0,-90383.765625,-13704.765625,1004.916016,142,
11,0.0,-88848.703125,-55203.589844,3687.719727,139,
11,0.0,-58405.980469,-18423.757813,1112.518555,286,
11,0.0,-97360.734375,-46245.503906,1767.458984,328,
11,0.0,-57879.941406,-69299.039063,3845.912598,324,
11,0.0,-1288.960938,-54194.574219,1404.101074,231,
11,0.0,-94496.734375,-31008.765625,4542.552734,122,
11,0.0,-79782.953125,-91623.5,3578.452148,71,
11,0.0,-84486.5625,-97465.328125,5971.608398,248,
11,0.0,-8576.632813,-41341.933594,671.166992,216,
11,0.0,-92817.09375,-25139.242188,3050.723633,81,
11,0.0,-99449.515625,-59501.132813,3322.556152,147,
11,0.0,-6820.085938,-43166.160156,937.029785,66,
11,0.0,-92500.234375,-35595.472656,4458.194824,291,
11,0.0,-60184.0625,-55452.765625,4982.141602,156,
11,0.0,-91214.359375,-82019.398438,3787.770996,139,
11,0.0,-70895.617188,-95395.0,4382.438965,54,
11,0.0,-55151.292969,-71661.609375,4013.610107,119,
11,0.0,-50579.960938,-77325.015625,3148.947754,224,
11,0.0,-94287.546875,-2694.8125,5317.254883,126,
11,0.0,-8155.179688,-89119.421875,5009.56543,172,
11,0.0,-74325.65625,-50041.613281,3095.082031,230,
11,0.0,-1442.765625,-46700.789063,1555.311523,293,
11,0.0,-58692.074219,-26582.015625,2193.445801,9,
11,0.0,-99714.078125,-16227.296875,1388.379883,99,
11,0.0,-12206.625,-48500.402344,950.981934,359,
11,0.0,-67084.125,-9991.710938,1582.416016,113,
11,0.0,-71387.820313,-20847.851563,1160.003906,326,
11,0.0,-76491.34375,-76537.492188,7476.810547,21,
11,0.0,-62688.144531,-69237.515625,3284.264648,155,
11,0.0,-89165.5625,-42255.589844,5391.730469,238,
11,0.0,-74334.882813,-97551.460938,3979.335938,125,
12,0.0,-69917.367188,-56511.0,6287.208984,202,
12,0.0,-71846.1875,-21586.15625,863.321289,288,
12,0.0,-90094.59375,-59633.414063,4046.601563,311,
12,0.0,-93795.34375,-35417.046875,4461.022949,295,
12,0.0,-76380.601563,-87289.039063,4603.097168,50,
12,0.0,-19565.046875,-75586.921875,2654.44873,335,
12,0.0,-83975.90625,-63641.789063,3714.871094,235,
12,0.0,-55501.988281,-77555.734375,3567.461426,54,
12,0.0,-79601.453125,-58716.683594,5374.101563,153,
12,0.0,-70240.375,-18479.132813,1721.30127,349,
12,0.0,-50346.167969,-62654.304688,626.999023,227,
12,0.0,-72218.414063,-100150.90625,4025.300293,356,
12,0.0,-6724.71875,-79976.757813,951.564941,132,
12,0.0,-6054.09375,-85929.328125,4949.915039,76,
12,0.0,-79853.703125,-80890.40625,4251.785156,314,
12,0.0,-74851.695313,-65592.140625,5965.693359,205,
12,0.0,-68102.375,-95345.78125,4832.539551,284,
12,0.0,-87042.9375,-74550.21875,4584.195313,198,
12,0.0,-85067.976563,-30575.0,3039.729492,338,
12,0.0,-91761.929688,-62965.007813,4832.145996,63,
12,0.0,-57661.527344,-80462.804688,3194.064941,330,
12,0.0,-92392.5625,-12102.023438,964.418945,55,
12,0.0,-58255.246094,-63666.398438,3853.502441,140,
12,0.0,-74319.5,-81564.109375,5934.560547,273,
12,0.0,-90685.234375,-30144.328125,4795.461426,201,
12,0.0,-92755.5625,-61626.832031,5229.499023,17,
12,0.0,-90211.492188,-59295.019531,3993.57251,233,
12,0.0,-53074.8125,-68748.390625,2660.437012,320,
12,0.0,-23957.960938,-99717.15625,5756.587891,237,
12,0.0,-88374.960938,-51345.953125,5284.103516,30,
12,0.0,-97323.820313,-21623.070313,1933.738281,330,
12,0.0,-72815.210938,-51995.042969,2793.918457,166,
12,0.0,-99471.054688,-9179.578125,6003.371094,154,
12,0.0,-83739.03125,-5235.804688,1677.339844,317,
12,0.0,-52142.707031,-73378.164063,2863.508301,134,
12,0.0,-65838.234375,-96770.09375,6203.37793,10,
12,0.0,-59415.0,-65865.921875,4251.721191,198,
12,0.0,-60171.757813,-77998.71875,4169.933594,97,
12,0.0,-89383.976563,-17774.664063,731.856445,146,
12,0.0,-5555.734375,-39173.167969,551.449219,242,
12,0.0,-92804.78125,-74119.546875,4935.400391,41,
12,0.0,-25114.632813,-97111.554688,7862.806152,286,
12,0.0,-70901.773438,-7878.320313,1267.827637,73,
12,0.0,-65945.90625,-45642.554688,6144.462891,153,
12,0.0,-67963.9375,-72842.898438,4140.398438,333,
12,0.0,-65749.03125,-76082.203125,5158.358398,56,
12,0.0,-99929.414063,-53483.957031,1793.95752,81,
12,0.0,-70717.195313,-14599.953125,1893.754883,214,
12,0.0,-53213.246094,-53111.730469,1212.784668,103,
12,0.0,-66964.15625,-63100.363281,3831.547363,345,
12,0.0,-90137.664063,-79450.71875,4828.102051,262,
12,0.0,-70818.710938,-71664.6875,5720.331055,46,
12,0.0,-42437.089844,-67428.671875,3663.155273,225,
12,0.0,-90389.914063,-10410.085938,1181.10791,132,
12,0.0,-61946.761719,-33583.59375,2785.584473,92,
12,0.0,-20712.492188,-94810.507813,7868.765625,143,
12,0.0,-61196.15625,-25360.734375,2279.751465,49,
12,0.0,-39739.203125,-73784.234375,5417.120117,52,
12,0.0,-2501.007813,-45836.359375,1513.411621,172,
12,0.0,-81865.585938,-51687.417969,4737.397461,144,
12,0.0,-38613.285156,-71569.320313,3324.4375,320,
12,0.0,-79681.4375,-60866.992188,5384.928711,104,
12,0.0,-86578.421875,-30153.554688,3375.762207,47,
12,0.0,-85126.429688,-82705.40625,3546.566406,65,
12,0.0,-59141.210938,-28849.226563,2089.504395,81,
12,0.0,-3054.734375,-84658.835938,2605.062988,323,
12,0.0,-35432.429688,-70203.460938,2427.756836,202,
12,0.0,-49318.695313,-72556.804688,3885.025879,117,
12,0.0,-68773.0,-72815.210938,4622.734863,127,
12,0.0,-64143.21875,-71341.679688,3330.505371,57,
12,0.0,-82034.78125,-95825.679688,4823.430176,18,
12,0.0,-86624.570313,-66053.578125,2468.614746,216,
12,0.0,-95185.8125,-18860.585938,1419.78418,56,
12,0.0,-68782.226563,-37290.492188,3477.942871,17,
12,0.0,-1292.03125,-38376.414063,1040.294922,29,
12,0.0,-86492.289063,-39634.605469,5297.677734,104,
12,0.0,-75931.46875,-85267.9375,5398.915039,223,
12,0.0,-90694.46875,-1190.515625,3076.102051,264,
12,0.0,-56874.003906,-14889.125,936.036133,216,
12,0.0,-51927.367188,-58193.71875,680.723145,212,
12,0.0,-95868.75,-32626.875,4456.134766,45,
12,0.0,-3885.328125,-85246.398438,3277.033691,65,
12,0.0,-17144.03125,-81597.953125,5401.057617,333,
12,0.0,-65312.199219,-4577.484375,1873.650879,197,
12,0.0,-66247.382813,-33189.835938,1668.832031,259,
12,0.0,-97868.320313,-18937.492188,1853.396484,309,
12,0.0,-64112.453125,-38677.886719,4537.674316,192,
12,0.0,-7438.414063,-56144.925781,474.712891,102,
12,0.0,-84274.296875,-89663.921875,3199.962402,115,
12,0.0,-89836.1875,-50343.089844,5627.020508,68,
12,0.0,-74313.351563,-2507.15625,2129.384277,146,
12,0.0,-53757.742188,-879.8125,4466.769531,67,
12,0.0,-1775.007813,-63303.394531,622.741699,242,
12,0.0,-56772.484375,-32620.726563,2865.812012,129,
13,1.0,-98458.960938,-49743.21875,2027.438477,18,
13,2.0,-90026.914063,-62002.136719,4002.910156,109,
13,1.0,-93672.289063,-82539.289063,3445.240723,162,
13,2.0,-4085.28125,-62595.855469,745.036133,196,
13,0.0,-40849.734375,-550.65625,2202.945313,275,
13,1.0,-100040.164063,-30744.195313,3210.730469,35,
13,1.0,-63500.277344,-60107.15625,4682.949219,21,
13,1.0,-52536.46875,-1285.882813,4627.635254,221,
13,2.0,-17740.820313,-94872.039063,7304.447266,276,
13,2.0,-56763.257813,-56120.316406,2020.710449,285,
13,1.0,-79063.109375,-92494.078125,3281.031738,38,
13,2.0,-97166.929688,-91402.007813,3827.634277,350,
13,0.0,-59371.929688,-12111.257813,1229.685547,171,
13,2.0,-53244.007813,-23130.445313,1112.573242,238,
13,0.0,-96213.289063,-19755.773438,1638.671387,194,
13,0.0,-99926.34375,-59482.675781,3262.724121,27,
13,1.0,-51229.050781,-24594.742188,626.859375,327,
13,2.0,-72704.46875,-64309.335938,4829.075684,24,
13,2.0,-52250.375,-1076.6875,4742.025391,354,
13,1.0,-20835.546875,-76571.328125,3826.679688,281,
14,0.0,-70652.59375,-461.4375,1642.773438,60,
14,0.0,-15633.578125,-48546.550781,496.203125,243,
14,0.0,-2233.367188,-75288.53125,521.920898,339,
14,1.0,-98649.6875,-24317.882813,2848.489746,182,
14,1.0,-59113.523438,-89091.734375,3228.86377,269,
14,0.0,-3617.6875,-59113.523438,911.924805,0,
14,1.0,-25883.695313,-100246.273438,6449.146484,317,
14,0.0,-66810.34375,-22650.546875,1924.464355,344,
14,1.0,-93260.070313,-17547.015625,1331.061035,120,
14,1.0,-23284.25,-72627.5625,1279.284668,169,
14,1.0,-10951.507813,-92097.242188,6643.933105,28,
14,1.0,-52579.535156,-62546.632813,715.414551,326,
14,0.0,-77838.75,-82766.929688,5299.354492,152,
14,1.0,-15716.640625,-93629.226563,7636.263672,39,
14,1.0,-52687.203125,-30033.585938,1963.437988,88,
14,1.0,-10299.335938,-45134.96875,559.276367,183,
14,1.0,-99071.140625,-129.203125,6435.998047,338,
14,1.0,-44581.242188,-71615.46875,4819.508301,113,
14,1.0,-85637.085938,-56910.917969,4353.288574,289,
14,1.0,-3900.703125,-38287.199219,613.861816,63,
14,1.0,-89953.085938,-5528.046875,3310.719727,263,
14,0.0,-74907.070313,-92654.046875,3887.314453,298,
14,1.0,-61919.078125,-86972.1875,3324.887207,63,
14,0.0,-98751.203125,-55655.800781,2421.275391,119,
14,0.0,-70114.25,-418.375,1565.026367,26,
14,1.0,-82973.039063,-50447.679688,5015.538086,115,
14,1.0,-82274.726563,-62463.578125,4631.345215,109,
14,1.0,-67382.53125,-87015.25,4297.650879,234,
15,0.0,-89780.8125,-88153.46875,4523.882813,14,
15,0.0,-51358.257813,-84640.375,5432.37793,31,
15,0.0,-56698.652344,-61300.75,2944.689941,234,
15,0.0,-89300.921875,-99188.039063,5513.838867,306,
15,0.0,-92057.25,-52345.738281,4371.620117,359,
15,0.0,-10068.617188,-50635.332031,573.062988,133,
15,0.0,-72522.96875,-51259.816406,2756.084961,180,
15,0.0,-71806.195313,-52234.992188,2558.728027,89,
15,0.0,-52407.261719,-54265.328125,958.117676,315,
15,0.0,-10330.09375,-93087.804688,5977.206055,117,
15,0.0,-73276.648438,-100040.164063,3885.124512,107,
15,0.0,-81013.460938,-55791.15625,4805.933105,162,
15,0.0,-63940.183594,-76562.101563,5884.87207,297,
15,0.0,-65419.867188,-27950.953125,1770.33252,226,
15,0.0,-68391.539063,-66555.007813,3334.125488,328,
15,0.0,-24142.539063,-100227.8125,5772.625977,122,
15,0.0,-69080.625,-95924.117188,4776.77002,198,
15,0.0,-56295.664063,-45571.796875,2193.500488,9,
15,0.0,-84255.84375,-27827.898438,1272.258789,169,
15,0.0,-70394.1875,-8152.101563,1312.674805,252,
15,0.0,-84022.046875,-66075.109375,3262.558594,155,
15,0.0,-9822.515625,-84434.265625,4310.078613,197,
15,0.0,-89282.460938,-44818.117188,5372.041992,101,
15,0.0,-98895.789063,-3992.992188,7064.446289,25,
15,0.0,-73691.945313,-4648.242188,1752.398926,70,
15,0.0,-100446.226563,-33937.359375,2373.59668,141,
15,0.0,-64859.988281,-38727.113281,4568.148926,259,
15,0.0,-60737.789063,-34137.320313,2857.269043,310,
16,2.0,-40280.625,-2264.132813,1812.605469,117,
16,3.0,-54935.953125,-3433.109375,3281.809082,80,
16,1.0,-67582.484375,-81776.375,5168.72168,25,
16,0.0,-19288.1875,-80890.40625,6157.079102,106,
16,3.0,-82299.335938,-28747.703125,875.612793,157,
16,3.0,-95616.492188,-46962.277344,2463.546875,353,
16,2.0,-70554.15625,-39548.472656,2382.505859,27,
16,3.0,-66527.328125,-85061.828125,4702.936035,60,
16,2.0,-11557.53125,-44753.511719,484.831055,205,
16,3.0,-99994.015625,-43547.617188,2089.695801,54,
16,1.0,-7736.804688,-44728.902344,878.783691,189,
16,1.0,-59587.265625,-38296.433594,2574.146484,29,
16,3.0,-74685.578125,-84541.9375,6170.695313,287,
16,1.0,-81954.796875,-53951.546875,4303.008301,308,
16,0.0,-92580.21875,-79041.570313,4211.654785,138,
16,1.0,-68234.648438,-78263.28125,5478.336914,102,
16,2.0,-77097.375,-6703.179688,1089.587891,168,
16,3.0,-95724.164063,-62014.441406,5415.15625,37,
16,0.0,-98092.882813,-51918.136719,1831.015137,334,
16,3.0,-59353.472656,-25496.09375,2539.76709,50,
16,2.0,-9834.820313,-48242.0,591.600098,305,
16,0.0,-22665.921875,-75362.359375,3600.438965,149,
16,2.0,-68908.351563,-20946.289063,1677.181641,231,
16,2.0,-26846.570313,-70332.664063,1777.987793,70,
17,0.0,-54708.3125,-29938.21875,2164.921387,279,
17,0.0,-64100.148438,-81979.40625,5254.563477,249,
17,0.0,-56397.179688,-92189.53125,6084.78418,184,
17,0.0,-88756.421875,-37148.988281,5923.604492,22,
17,0.0,-12003.585938,-89451.65625,6607.338379,151,
17,0.0,-94035.289063,-79733.734375,3859.990234,330,
17,0.0,-87049.09375,-32469.984375,4344.26416,268,
17,0.0,-18002.304688,-97474.554688,5789.427734,190,
17,0.0,-66524.25,-96240.976563,5327.448242,98,
17,0.0,-64967.65625,-87848.921875,3977.875732,34,
17,0.0,-55274.34375,-18592.945313,1414.760742,164,
17,0.0,-73876.523438,-82526.984375,6292.042969,50,
17,0.0,-81256.484375,-3482.335938,2563.318359,306,
17,0.0,-6072.546875,-44018.289063,993.686035,334,
17,0.0,-89242.46875,-17734.671875,710.658203,301,
17,0.0,-92494.078125,-72972.101563,4546.263184,133,
17,0.0,-70944.84375,-49500.191406,3005.915039,121,
17,0.0,-86704.546875,-58036.832031,3802.935059,238,
17,0.0,-68533.046875,-5337.320313,1321.387207,348,
17,0.0,-90986.710938,-5435.765625,3735.300781,99,
17,0.0,-97600.6875,-63977.097656,7572.73877,316,
17,0.0,-96723.945313,-44122.878906,2169.591309,335,
17,0.0,-88664.132813,-28661.570313,3632.796875,279,
17,0.0,-62552.785156,-17956.164063,2377.401855,73,
17,0.0,-69828.15625,-55514.292969,5329.407227,302,
18,0.0,-63724.84375,-26465.109375,2501.316895,211,
18,0.0,-57978.378906,-25769.875,2155.076172,263,
18,0.0,-52271.90625,-32316.171875,1794.327148,31,
18,0.0,-55480.453125,-38284.125,1436.471191,112,
18,0.0,-50066.222656,-7761.414063,2255.068848,56,
18,0.0,-81770.21875,-4857.421875,1615.859375,252,
18,0.0,-72676.78125,-97142.320313,4135.41748,16,
18,0.0,-80844.265625,-89334.757813,3524.323242,92,
18,0.0,-80505.875,-54206.878906,4275.974121,315,
18,0.0,-92014.1875,-97077.71875,4298.650879,88,
18,0.0,-52597.992188,-76469.8125,2871.254883,206,
18,0.0,-72101.515625,-41015.847656,2839.840332,20,
18,0.0,-60307.113281,-46510.058594,6372.764648,167,
18,0.0,-78970.820313,-88061.1875,3740.824707,86,
18,0.0,-2777.867188,-75660.757813,550.053711,171,
18,0.0,-92678.65625,-53923.863281,3693.670898,53,
18,0.0,-91423.539063,-3143.945313,3404.375977,19,
18,0.0,-87442.851563,-48835.71875,4995.253906,307,
18,0.0,-60550.136719,-22158.34375,2301.458496,270,
18,0.0,-82813.078125,-44922.707031,5430.003906,42,
18,0.0,-70926.382813,-78035.632813,6527.363281,304,
18,0.0,-54459.132813,-812.132813,3839.14209,24,
18,0.0,-68837.59375,-85547.875,4634.289063,253,
18,0.0,-45417.988281,-78192.523438,6519.767578,154,
18,0.0,-88227.304688,-61553.0,3838.10791,243,
18,0.0,-3817.640625,-88848.703125,4850.316895,166,
18,0.0,-63084.980469,-87796.625,3720.717773,60,
18,0.0,-51026.019531,-73630.421875,2886.751465,166,
19,0.0,-88141.164063,-69548.21875,3008.085449,47,
19,0.0,-71815.421875,-55581.972656,5048.274414,329,
19,0.0,-87073.703125,-31762.445313,4166.969727,73,
19,0.0,-93859.945313,-9428.757813,2444.921875,173,
19,0.0,-83975.90625,-46531.59375,5526.874023,161,
19,0.0,-94139.882813,-77937.195313,5091.174805,199,
19,0.0,-96437.859375,-9514.890625,3639.150879,152,
19,0.0,-97437.640625,-14443.0625,1639.022949,161,
19,0.0,-68373.085938,-19312.796875,1888.335449,52,
19,0.0,-6841.617188,-56363.34375,542.016602,58,
19,0.0,-49983.167969,-74165.6875,3276.708984,235,
19,0.0,-10145.523438,-87916.601563,5319.420898,325,
19,0.0,-28427.765625,-73030.546875,3717.577148,241,
19,0.0,-81096.515625,-84262.0,3764.549316,263,
19,0.0,-62091.347656,-59821.066406,4660.133301,315,
19,0.0,-60162.527344,-41652.640625,3020.654785,49,
19,0.0,-77081.992188,-56231.0625,4673.06543,158,
19,0.0,-47420.636719,-72206.109375,4743.335449,206,
19,0.0,-39185.472656,-67656.3125,3108.706055,331,
19,0.0,-83625.210938,-98351.289063,5967.898438,359,
19,0.0,-52601.066406,-28012.476563,1982.602051,352,
19,0.0,-95044.304688,-16574.921875,1588.82959,65,
19,0.0,-81053.453125,-57040.117188,5146.477539,309,
19,0.0,-15578.210938,-92023.414063,7993.26123,188,
19,0.0,-85191.03125,-36056.910156,5139.067383,338,
20,0.0,-1673.492188,-79152.320313,1056.069336,256,
20,1.0,-23711.851563,-98741.976563,6351.248047,262,
20,1.0,-82407.007813,-91774.234375,3793.594238,303,
20,0.0,-86895.28125,-32313.09375,4230.876953,93,
20,1.0,-69751.25,-99366.460938,4567.791016,291,
20,0.0,-17716.210938,-79819.867188,4728.365234,97,
20,1.0,-73175.132813,-12649.601563,567.243164,310,
20,1.0,-14658.40625,-89417.820313,7185.27832,283,
20,1.0,-86744.539063,-31990.085938,4078.972412,353,
20,0.0,-75076.265625,-52345.738281,3479.114258,169,
20,0.0,-66524.25,-81536.421875,5190.964844,197,
20,0.0,-68680.710938,-79333.820313,5525.918945,3,
20,0.0,-90463.75,-90054.601563,4265.970215,31,
20,1.0,-92066.484375,-24997.734375,2702.381836,159,
20,1.0,-62611.238281,-67117.96875,3735.348145,326,
20,0.0,-76168.34375,-59685.707031,5120.900391,105,
20,0.0,-60827.003906,-63054.21875,5254.830078,98,
20,1.0,-86747.617188,-82259.34375,3995.986328,329,
20,0.0,-99246.484375,-99206.492188,2257.149902,271,
20,0.0,-50942.960938,-53542.40625,568.994141,266,
20,0.0,-51832.003906,-10911.515625,2561.963379,212,
20,1.0,-86953.726563,-46743.855469,5526.941895,217,
20,1.0,-8982.695313,-53400.894531,500.907227,231,
20,0.0,-59454.988281,-16076.570313,1260.347168,172,
20,1.0,-91079.0,-82505.445313,3846.103516,72,
20,0.0,-51921.210938,-52053.492188,720.594727,224,
20,1.0,-98489.726563,-43633.753906,1853.297363,132,
20,0.0,-99677.164063,-39010.125,1604.763184,114,
21,0.0,-64641.574219,-12231.234375,1743.467285,345,
21,0.0,-26289.773438,-68794.53125,782.786621,178,
21,0.0,-95078.148438,-97763.726563,2940.195801,221,
21,0.0,-47768.257813,-69883.53125,4448.183105,49,
21,0.0,-35232.46875,-70754.109375,2744.581543,48,
21,0.0,-15430.546875,-74073.40625,961.996094,283,
21,0.0,-42206.363281,-70627.984375,5055.860352,306,
21,0.0,-20777.101563,-83668.273438,7697.872559,268,
21,0.0,-21137.023438,-83342.1875,7773.469238,47,
21,0.0,-38902.460938,-70114.25,3826.133301,195,
21,0.0,-72461.4375,-92555.609375,3928.644287,140,
21,0.0,-83837.46875,-40871.269531,4714.368652,91,
21,0.0,-89657.765625,-91174.367188,4136.644043,215,
21,0.0,-89011.75,-99003.460938,5638.797852,128,
21,0.0,-88390.34375,-8072.125,2052.931152,74,
21,0.0,-10994.578125,-76469.8125,1239.742676,43,
21,0.0,-56855.546875,-63669.472656,2920.206543,78,
21,0.0,-67560.953125,-52321.128906,5180.147461,208,
21,0.0,-69397.476563,-81585.640625,5479.797852,350,
21,0.0,-65785.9375,-37954.96875,4418.09668,159,
21,0.0,-90894.421875,-26800.429688,3090.337402,295,
21,0.0,-89630.078125,-40951.25,4506.491699,240,
21,0.0,-70191.15625,-80887.328125,5846.208984,168,
21,0.0,-63583.335938,-35315.527344,2124.843262,171,
21,0.0,-15870.460938,-83948.21875,5861.68457,305,
22,0.0,-95210.421875,-44002.910156,2593.721191,250,
22,0.0,-1735.015625,-85695.53125,2923.702637,359,
22,0.0,-94072.203125,-58670.539063,4969.524902,304,
22,0.0,-79773.726563,-89070.195313,3578.263672,224,
22,0.0,-51229.050781,-5786.453125,2312.47998,321,
22,0.0,-68816.0625,-54268.402344,4332.735352,55,
22,0.0,-59901.046875,-13917.03125,1229.684082,47,
22,0.0,-6607.820313,-83348.34375,2684.062012,298,
22,0.0,-74987.054688,-92607.90625,3886.663574,212,
22,0.0,-13498.65625,-79801.40625,2324.210449,319,
22,0.0,-60796.242188,-77014.3125,4809.783691,140,
22,0.0,-42707.796875,-69831.234375,4458.032227,31,
22,0.0,-85713.992188,-46909.976563,5720.834473,307,
22,0.0,-2377.953125,-63115.742188,626.620605,342,
22,0.0,-65552.148438,-68674.5625,2627.271484,98,
22,0.0,-50183.125,-10480.835938,2057.827637,257,
22,0.0,-60590.132813,-62675.839844,5239.228516,252,
22,0.0,-45218.03125,-71381.671875,4422.009277,335,
22,0.0,-72335.3125,-501.4375,1936.391602,191,
22,0.0,-67204.101563,-82127.070313,5227.814453,131,
22,0.0,-31891.648438,-100630.804688,7044.815918,224,
22,0.0,-86043.15625,-27498.742188,1785.285156,300,
22,0.0,-79176.929688,-1894.984375,2696.532715,282,
22,0.0,-66979.53125,-25422.257813,1247.867676,312,
22,0.0,-16088.875,-89353.21875,7973.858887,291,
22,0.0,-53391.667969,-9198.039063,1365.205566,209,
22,0.0,-99532.578125,-22776.671875,2947.342285,271,
22,0.0,-3137.789063,-60251.742188,891.561035,54,
22,0.0,-38767.101563,-1738.09375,1400.386719,237,
23,1.0,-87285.960938,-10425.46875,944.612793,161,
23,1.0,-74297.96875,-79773.726563,6488.385742,285,
23,1.0,-30713.4375,-73208.96875,3469.385254,42,
23,1.0,-20149.539063,-73045.929688,829.994629,219,
23,0.0,-20300.273438,-79515.320313,6096.269531,301,
23,0.0,-58839.734375,-4925.101563,1461.706055,67,
23,0.0,-15922.75,-97271.523438,5939.868164,49,
23,1.0,-84628.070313,-28695.40625,1878.801758,80,
23,1.0,-72279.9375,-13397.140625,988.005859,199,
23,0.0,-99237.257813,-9151.890625,5939.706055,318,
23,1.0,-15658.195313,-93832.257813,7508.4375,194,
23,1.0,-59270.410156,-84978.765625,2878.735352,141,
23,0.0,-68271.5625,-11978.976563,2131.666992,88,
23,1.0,-99812.515625,-62448.195313,6756.84082,311,
23,1.0,-13252.554688,-47411.410156,1077.068848,128,
23,1.0,-78958.515625,-76823.585938,6983.320313,341,
23,1.0,-71827.734375,-40572.867188,2529.203613,44,
23,0.0,-65066.097656,-31393.289063,2203.954102,317,
23,0.0,-58116.8125,-42061.785156,2106.499512,340,
23,1.0,-70065.03125,-52284.210938,3038.162598,39,
23,1.0,-99184.960938,-35761.589844,2388.237793,352,
23,1.0,-88519.546875,-81539.5,4276.009277,56,
23,0.0,-50361.546875,-10539.289063,2106.743164,212,
23,1.0,-85784.75,-48697.285156,5308.827148,228,
23,0.0,-95250.414063,-45722.535156,2402.890137,69,
23,0.0,-11419.101563,-78220.210938,1844.606445,339,
23,0.0,-24674.726563,-68766.84375,582.595703,276,
23,0.0,-46503.90625,-63035.761719,2583.404785,194,
23,1.0,-5660.328125,-38767.101563,541.980469,37,
23,0.0,-80699.679688,-41301.945313,3657.278809,267,
23,1.0,-98022.132813,-48666.523438,2086.714844,307,
23,1.0,-94167.570313,-44799.660156,2995.385742,128,
23,0.0,-74058.023438,-52238.070313,3197.704102,165,
23,0.0,-67480.96875,-36407.605469,3149.517578,284,
23,0.0,-97769.875,-91863.445313,3690.288574,202,
23,1.0,-51204.441406,-56861.699219,505.697266,253,
23,0.0,-69972.742188,-28357.015625,924.958984,14,
23,1.0,-83754.414063,-49189.492188,4925.913086,282,
23,1.0,-91986.5,-85895.492188,4226.147461,322,
23,1.0,-51767.402344,-85378.679688,5290.807617,222,
23,0.0,-13440.203125,-47998.976563,1328.113281,67,
23,0.0,-2836.3125,-36921.34375,2749.99707,1,
23,1.0,-58359.839844,-1744.242188,2396.790527,71,
23,0.0,-59421.152344,-22281.390625,2146.552246,91,
24,1.0,-76648.234375,-75134.71875,7777.231445,117,
24,1.0,-4980.46875,-55763.46875,814.576172,226,
24,1.0,-95468.828125,-84911.085938,3321.523926,169,
24,1.0,-69591.28125,-89113.265625,3659.524902,235,
24,1.0,-69794.320313,-93041.65625,3717.037109,310,
24,1.0,-92275.671875,-35078.65625,5044.535156,259,
24,0.0,-73335.101563,-13750.90625,493.137695,28,
24,1.0,-83388.335938,-85864.734375,3135.038086,134,
24,1.0,-74716.34375,-47423.714844,2545.345215,251,
24,1.0,-15747.40625,-75017.8125,979.091309,39,
24,0.0,-70258.835938,-28353.9375,881.924805,92,
24,0.0,-22776.671875,-72873.65625,1252.984863,91,
24,1.0,-50543.046875,-2750.179688,5155.897461,33,
24,0.0,-60224.054688,-69255.96875,3667.952637,97,
24,0.0,-91906.515625,-71160.179688,3809.115723,305,
24,0.0,-72606.023438,-59627.261719,3912.320557,116,
24,1.0,-100070.921875,-52191.925781,1654.905762,330,
24,1.0,-60743.941406,-5078.914063,1321.79541,157,
24,0.0,-63789.445313,-80047.507813,5703.24707,14,
24,0.0,-1593.507813,-100203.203125,4971.211914,187,
24,1.0,-66761.117188,-13089.507813,2494.678223,39,
24,0.0,-97659.132813,-46497.753906,1783.901367,338,
24,0.0,-69136.0,-4417.515625,1366.280273,67,
24,1.0,-95638.023438,-87679.726563,3593.638672,209,
24,1.0,-96142.53125,-45433.371094,2036.227051,348,
24,1.0,-92063.40625,-1796.539063,3709.57666,49,
24,0.0,-22435.203125,-75236.234375,3379.964844,75,
24,0.0,-92918.609375,-74971.671875,5043.363281,246,
24,0.0,-64601.578125,-59516.515625,4880.999023,77,
24,1.0,-62534.328125,-65749.03125,4212.16748,238,
24,0.0,-90934.414063,-89024.054688,4407.402832,224,
24,1.0,-90577.570313,-86436.914063,4595.37207,313,
24,0.0,-56224.910156,-29756.71875,2536.667969,129,
24,1.0,-79152.320313,-88291.90625,3682.672363,127,
24,0.0,-57418.5,-89583.9375,3176.339355,31,
24,0.0,-60017.945313,-83339.117188,3410.980469,63,
24,1.0,-68388.46875,-51142.917969,4465.362305,186,
24,0.0,-48746.507813,-75454.648438,3999.907227,154,
24,0.0,-63238.792969,-19278.960938,2583.450195,143,
24,0.0,-90728.304688,-90857.507813,4183.5,114,
24,1.0,-11108.390625,-46725.398438,647.219727,318,
24,1.0,-8308.992188,-83772.867188,3434.410645,7,
24,0.0,-55671.183594,-88830.25,5293.173828,245,
24,1.0,-79712.203125,-6801.625,667.628906,219,
24,1.0,-17679.296875,-81551.804688,5252.000977,70,
24,1.0,-67284.085938,-2005.726563,1570.609863,353,
24,1.0,-56966.289063,-48626.53125,4227.491699,343,
24,0.0,-5411.15625,-47771.332031,884.816406,342,
25,1.0,-63798.675781,-90706.773438,3799.51416,306,
25,1.0,-23773.382813,-74722.492188,3787.61084,213,
25,1.0,-88888.703125,-80961.164063,4463.628418,46,
25,1.0,-71387.820313,-95567.273438,4355.370605,112,
25,0.0,-89983.851563,-65902.84375,3979.671143,86,
25,0.0,-5429.609375,-75356.203125,747.622559,340,
25,1.0,-52921.0,-56572.527344,1093.888672,329,
25,1.0,-91069.773438,-22912.023438,1349.217773,101,
25,0.0,-57077.035156,-43784.488281,1732.860352,359,
25,0.0,-55071.308594,-23121.210938,1708.021973,20,
25,1.0,-10523.90625,-95708.78125,5443.451172,190,
25,1.0,-87362.875,-31562.484375,4237.276367,308,
25,1.0,-6432.476563,-100707.710938,3909.803711,246,
25,1.0,-74937.828125,-100283.1875,3840.71875,224,
25,0.0,-89285.539063,-81505.664063,4189.133301,250,
25,1.0,-63755.609375,-36139.972656,2200.98877,234,
25,1.0,-95831.828125,-34731.039063,4464.120117,330,
25,1.0,-88513.390625,-27618.710938,2974.595215,83,
25,1.0,-94524.421875,-14101.601563,1622.558594,275,
25,0.0,-80059.8125,-47497.542969,3380.02002,59,
25,0.0,-81404.140625,-55132.835938,4528.819824,306,
25,0.0,-83043.796875,-97511.46875,5719.830078,353,
25,1.0,-73744.242188,-92207.992188,4136.447754,52,
25,1.0,-45959.40625,-65502.925781,2784.004395,292,
25,1.0,-56169.539063,-12603.460938,724.503418,260,
25,1.0,-19294.335938,-99292.632813,4322.979004,162,
25,1.0,-95293.484375,-98582.015625,2971.869629,165,
25,1.0,-56197.222656,-79555.3125,3062.697754,204,
25,1.0,-29116.859375,-73808.84375,5499.956055,303,
25,1.0,-93946.078125,-49644.777344,4137.439941,317,
25,1.0,-31359.453125,-68443.835938,1153.297852,92,
25,1.0,-38394.871094,-3273.148438,708.210449,182,
25,1.0,-81148.8125,-86599.960938,3530.381348,62,
25,1.0,-76116.046875,-82539.289063,5917.5,112,
25,0.0,-92564.835938,-48678.828125,5267.966797,222,
25,0.0,-87415.171875,-30658.0625,3946.253418,110,
25,1.0,-80788.890625,-39939.160156,3430.055664,130,
25,1.0,-67151.804688,-62460.5,3894.650879,85,
25,0.0,-81431.828125,-63075.753906,4885.761719,165,
25,0.0,-68237.726563,-2777.867188,1654.819824,91,
26,1.0,-93887.632813,-21515.398438,1243.34668,112,
26,0.0,-66874.9375,-26803.5,1355.027344,44,
26,0.0,-86556.890625,-79924.460938,5062.356445,233,
26,1.0,-91715.789063,-95711.859375,4071.032227,336,
26,0.0,-78367.867188,-2799.398438,2361.291504,316,
26,0.0,-54089.980469,-84944.929688,5019.523438,196,
26,1.0,-90728.304688,-54302.246094,4255.322266,260,
26,0.0,-6770.859375,-42114.078125,865.595215,183,
26,0.0,-100067.851563,-51170.605469,1685.256836,60,
26,0.0,-67490.195313,-8964.242188,1495.87793,296,
26,0.0,-82330.101563,-4051.445313,1977.463379,187,
26,0.0,-100040.164063,-34057.335938,2475.989746,36,
26,0.0,-65779.789063,-15762.789063,2242.429688,70,
26,0.0,-66647.296875,-20743.257813,2510.337402,124,
26,0.0,-70384.960938,-95348.859375,4530.158203,228,
26,0.0,-68619.1875,-42363.253906,3650.867676,80,
26,0.0,-53367.058594,-49174.109375,1158.249512,55,
26,1.0,-56923.222656,-86821.445313,2425.148926,266,
26,1.0,-82047.085938,-67976.25,4762.962402,168,
26,1.0,-56378.722656,-38714.808594,1765.838867,86,
26,0.0,-79180.0,-51435.164063,3953.721436,77,
26,1.0,-61796.027344,-69092.929688,3401.734375,253,
26,0.0,-5420.382813,-42701.644531,935.448242,286,
26,0.0,-58356.761719,-4435.976563,1733.365234,260,
26,0.0,-12545.015625,-95881.046875,4985.929688,301,
27,1.0,-73928.820313,-99766.375,3850.855469,70,
27,1.0,-33322.109375,-72039.992188,2389.536133,163,
27,1.0,-13080.28125,-74359.492188,1623.594727,351,
27,0.0,-43941.378906,-72833.671875,5685.94043,355,
27,1.0,-68173.125,-34515.703125,1474.699219,9,
27,1.0,-77712.625,-77669.5625,6947.22168,94,
27,0.0,-56412.5625,-3799.1875,2692.859863,336,
27,1.0,-64035.550781,-94659.773438,5473.429688,234,
27,1.0,-5894.125,-77088.140625,921.622559,70,
27,1.0,-75623.84375,-100550.820313,3908.418701,92,
27,1.0,-93918.390625,-6724.71875,4447.289063,262,
27,0.0,-14415.382813,-45605.640625,526.455566,280,
27,0.0,-83908.226563,-77746.46875,5793.420898,166,
27,0.0,-90494.507813,-31344.070313,5210.964844,211,
27,1.0,-83160.695313,-62792.738281,4206.344238,223,
27,1.0,-68047.0,-73756.546875,4453.315918,47,
27,1.0,-58765.90625,-47162.234375,5689.18457,282,
27,0.0,-10791.539063,-90503.742188,6965.01416,335,
27,1.0,-67668.617188,-61937.535156,3938.512207,213,
27,0.0,-88288.828125,-74587.140625,4709.866211,44,
27,1.0,-88722.578125,-6573.976563,2802.178223,75,
27,0.0,-53988.460938,-83526.765625,5009.300781,159,
27,1.0,-92291.046875,-52696.429688,4068.835938,104,
27,1.0,-63429.523438,-100498.523438,7728.400879,230,
27,1.0,-66644.21875,-39283.917969,4106.315918,277,
27,1.0,-23342.710938,-77229.65625,5335.639648,199,
27,0.0,-77414.226563,-66099.71875,6543.325684,186,
27,0.0,-59808.761719,-46743.855469,6083.541016,148,
28,0.0,-87805.851563,-51093.699219,5134.6875,293,
28,0.0,-67656.3125,-11136.085938,1677.770508,258,
28,0.0,-74245.671875,-96763.9375,3910.986328,177,
28,1.0,-76537.492188,-83114.546875,5751.385742,0,
28,0.0,-80625.851563,-55363.554688,4675.417969,16,
28,0.0,-91423.539063,-6475.539063,3931.733643,122,
28,0.0,-91737.320313,-58722.839844,4346.120117,243,
28,0.0,-52696.429688,-79672.203125,3666.525879,149,
28,0.0,-35238.625,-71729.289063,3248.198242,231,
28,1.0,-92487.929688,-59950.265625,4830.974121,33,
28,1.0,-71194.015625,-49127.96875,3125.777344,351,
28,1.0,-64004.785156,-96877.757813,6059.237305,261,
28,0.0,-68394.617188,-77020.46875,5195.238281,137,
28,0.0,-64629.269531,-88568.765625,3858.177246,76,
28,0.0,-3300.835938,-62205.171875,723.946289,272,
28,1.0,-89076.351563,-96345.570313,5818.794922,353,
28,1.0,-71280.15625,-48100.488281,3382.712891,183,
28,1.0,-64097.074219,-67917.796875,2818.585449,57,
28,0.0,-42335.570313,-62386.671875,1020.646973,87,
28,1.0,-60854.6875,-56935.527344,4698.137207,147,
28,1.0,-56406.410156,-45113.4375,2112.716309,63,
28,1.0,-1005.9375,-75208.546875,566.992188,152,
28,1.0,-70068.109375,-57015.507813,6472.995117,338,
28,0.0,-53797.738281,-78632.429688,4505.556152,228,
28,0.0,-90140.742188,-73125.914063,3935.67334,179,
28,0.0,-3463.875,-79801.40625,1730.133789,319,
29,1.0,-52330.359375,-63967.871094,839.197266,99,
29,1.0,-25056.179688,-71861.570313,2302.104492,259,
29,0.0,-57384.660156,-3377.742188,2512.924316,10,
29,1.0,-90617.5625,-84935.695313,4359.763184,76,
29,0.0,-89977.695313,-53862.335938,4341.82666,206,
29,1.0,-61592.992188,-18386.835938,2027.751953,65,
29,0.0,-89193.25,-80751.976563,4500.373535,300,
29,1.0,-97068.492188,-21724.585938,1864.697754,20,
29,1.0,-60574.746094,-30328.90625,2516.719238,66,
29,1.0,-99944.796875,-60270.199219,3922.861328,33,
29,1.0,-99535.65625,-61066.949219,4834.995117,224,
29,1.0,-97957.53125,-93038.578125,3517.334473,310,
29,0.0,-94733.601563,-76202.179688,6781.603516,251,
29,1.0,-89620.851563,-32593.039063,5528.945313,335,
29,1.0,-65478.316406,-25772.953125,1883.421387,110,
29,0.0,-42849.308594,-71637.0,5529.012207,40,
29,0.0,-67148.726563,-63432.597656,3712.190918,196,
29,1.0,-27910.960938,-99781.757813,7610.641602,40,
29,1.0,-88178.078125,-91183.59375,4013.896973,197,
29,1.0,-74011.875,-59504.207031,4259.500488,272,
29,1.0,-6204.828125,-78613.96875,947.647461,83,
29,0.0,-84726.507813,-75063.960938,5074.838867,299,
29,1.0,-69323.648438,-88968.679688,3710.952148,324,
29,0.0,-89051.742188,-8548.9375,2257.63623,32,
29,0.0,-2531.765625,-95268.875,5337.169922,343,
29,1.0,-80081.351563,-53093.269531,4135.395996,250,
30,0.0,-95505.75,-22007.609375,1813.565918,99,
30,1.0,-34558.773438,-68769.921875,2207.004883,196,
30,0.0,-82511.601563,-99904.804688,5896.716797,254,
30,1.0,-51567.441406,-2854.78125,3745.133789,66,
30,0.0,-71987.695313,-88162.703125,4670.024902,82,
30,0.0,-95785.6875,-83997.4375,3734.23584,171,
30,1.0,-77669.5625,-47257.59375,2800.473145,23,
30,0.0,-89999.234375,-20620.210938,684.448242,348,
30,1.0,-94109.125,-96179.445313,3230.650391,359,
30,0.0,-52308.820313,-15541.296875,1231.804688,50,
30,0.0,-78423.242188,-39674.601563,2053.397949,150,
30,1.0,-85021.828125,-39914.550781,4667.366211,349,
30,0.0,-7133.859375,-42990.8125,920.711426,125,
30,0.0,-77291.171875,-44381.285156,3046.364746,212,
30,0.0,-98843.492188,-51527.449219,1739.685547,328,
30,0.0,-64047.855469,-84769.578125,4060.668213,7,
30,1.0,-56154.152344,-68849.90625,3231.172363,69,
30,0.0,-7890.625,-98363.59375,4433.448242,282,
30,1.0,-97573.0,-94124.5,3331.437012,68,
30,1.0,-93838.414063,-85304.851563,3417.020508,64,
30,1.0,-93069.34375,-46636.191406,4235.467285,13,
30,0.0,-70754.109375,-249.179688,1718.247559,236,
31,0.0,-69274.429688,-24391.710938,904.178223,168,
31,0.0,-6358.640625,-79081.5625,947.647461,264,
31,0.0,-84492.71875,-61353.042969,4431.955566,103,
31,0.0,-60839.308594,-32811.453125,2732.005859,251,
31,0.0,-43833.710938,-62014.441406,1786.547852,298,
31,0.0,-67182.5625,-18915.960938,2773.834473,317,
31,1.0,-84243.539063,-73498.140625,4731.666016,55,
31,1.0,-58910.488281,-86138.515625,2664.96875,193,
31,1.0,-60993.121094,-79829.09375,4643.336426,63,
31,1.0,-52862.550781,-63411.066406,991.570801,255,
31,0.0,-96179.445313,-6992.351563,5152.283203,130,
31,0.0,-31365.601563,-71326.296875,1445.525879,69,
31,1.0,-94026.0625,-39976.074219,2589.945313,243,
31,0.0,-86796.835938,-69092.929688,3095.901367,241,
31,0.0,-31011.835938,-67013.375,773.13916,176,
31,0.0,-92863.234375,-8025.976563,3268.670898,321,
31,0.0,-82231.65625,-50447.679688,4717.45166,96,
31,1.0,-87104.46875,-8210.554688,1624.420898,322,
31,0.0,-13261.78125,-91257.421875,7123.397949,56,
31,0.0,-1959.578125,-91715.789063,4724.514648,119,
31,0.0,-84569.625,-68646.867188,3378.422852,318,
31,1.0,-56680.195313,-45414.914063,2287.702148,253,
31,0.0,-69489.765625,-44445.890625,4341.487305,37,
31,0.0,-8099.804688,-76020.679688,1219.549805,277,
31,1.0,-79610.679688,-91540.4375,3592.195801,271,
31,0.0,-94970.476563,-41412.6875,2728.93457,257,
31,0.0,-6011.023438,-49647.851563,835.032227,281,
31,0.0,-73891.90625,-54677.546875,4277.557129,22,
31,0.0,-83154.539063,-72006.15625,4889.49707,271,
31,1.0,-10650.03125,-78109.460938,1455.807617,316,
31,1.0,-98932.703125,-56320.273438,2685.796875,55,
31,1.0,-78078.703125,-40108.355469,2036.209961,282,
31,0.0,-85443.28125,-2242.59375,1925.94043,16,
31,1.0,-15230.585938,-46651.570313,501.28418,68,
31,0.0,-72750.609375,-58058.363281,4814.384766,319,
31,1.0,-88670.28125,-67167.1875,2806.13623,205,
31,1.0,-83323.734375,-36001.539063,4292.037598,221,
31,0.0,-75116.257813,-38856.3125,953.193359,211,
32,0.0,-68342.320313,-6552.445313,1343.355469,10,
32,1.0,-76435.976563,-6789.3125,1095.644043,260,
32,1.0,-68317.710938,-45344.15625,4632.180176,295,
32,0.0,-57338.515625,-93718.4375,7213.857422,98,
32,1.0,-84511.171875,-52785.644531,4883.084473,203,
32,0.0,-3488.484375,-58378.296875,948.919922,79,
32,0.0,-52013.5,-54145.351563,828.008789,330,
32,0.0,-65490.621094,-26646.609375,1774.351563,334,
32,0.0,-90562.1875,-14424.609375,1113.769531,290,
32,0.0,-62522.023438,-46654.648438,7281.652832,43,
32,1.0,-65176.84375,-75457.726563,5198.476563,162,
32,0.0,-39929.929688,-4112.96875,732.842773,41,
32,1.0,-73513.523438,-78884.6875,7162.27832,4,
32,0.0,-50850.675781,-81293.398438,6097.008789,130,
32,0.0,-65278.359375,-42870.839844,4474.111328,252,
32,0.0,-94232.171875,-80376.671875,3660.18457,199,
32,1.0,-8348.984375,-41674.175781,745.424316,205,
32,0.0,-61291.519531,-21223.15625,2476.653809,178,
32,0.0,-56114.164063,-12341.976563,679.316895,270,
32,1.0,-99615.640625,-91481.992188,3274.396973,207,
33,1.0,-57326.210938,-30052.039063,2741.123535,344,
33,0.0,-83040.71875,-95035.078125,4818.225098,265,
33,0.0,-1814.992188,-50539.96875,1342.336914,171,
33,1.0,-95493.445313,-39905.320313,2734.646484,193,
33,0.0,-69862.0,-8601.242188,1277.128418,43,
33,1.0,-25754.5,-99037.296875,6555.105469,75,
33,1.0,-99754.070313,-52619.527344,1673.73877,36,
33,1.0,-70523.390625,-75759.195313,6726.392578,297,
33,0.0,-80847.34375,-72372.226563,7021.607422,326,
33,0.0,-67545.5625,-94715.148438,4680.235352,137,
33,1.0,-52877.929688,-74033.414063,2878.996582,10,
33,0.0,-51835.078125,-347.617188,5208.070313,193,
33,1.0,-72006.15625,-20287.96875,1087.27002,149,
33,0.0,-53210.171875,-81231.875,4819.089355,239,
33,0.0,-83972.828125,-91565.046875,3946.159668,322,
33,1.0,-71492.414063,-66782.65625,6448.68457,250,
33,0.0,-89460.882813,-97960.609375,5766.387695,355,
33,1.0,-51312.113281,-10650.03125,2405.310059,274,
33,1.0,-74128.773438,-61063.875,3969.789795,358,
33,1.0,-88864.085938,-30962.609375,4574.479492,220,
33,1.0,-63044.988281,-46131.679688,7440.383789,199,
33,0.0,-92980.132813,-82776.15625,3699.59668,209,
33,0.0,-82074.773438,-4149.882813,1997.473145,128,
34,0.0,-52151.933594,-6998.507813,1401.878418,197,
34,0.0,-81284.171875,-91771.15625,3679.468262,268,
34,0.0,-44648.921875,-73765.773438,5806.921875,7,
34,1.0,-43055.417969,-63857.125,1972.260254,305,
34,1.0,-83751.335938,-73747.320313,5035.491211,56,
34,1.0,-45439.523438,-70751.039063,4270.22998,303,
34,0.0,-60362.484375,-91168.210938,4363.471191,87,
34,0.0,-66674.984375,-27778.679688,1601.635742,60,
34,1.0,-8625.851563,-84200.46875,3841.992676,93,
34,1.0,-71286.304688,-45922.492188,3685.776367,25,
34,1.0,-76106.8125,-76245.25,7598.028809,162,
34,1.0,-55760.390625,-2341.039063,3568.634766,142,
34,1.0,-4826.664063,-40348.300781,664.409668,76,
34,0.0,-97714.507813,-40080.667969,2350.173828,14,
34,0.0,-92146.460938,-25763.726563,3023.177246,22,
34,0.0,-92940.140625,-95656.484375,3452.806152,126,
34,1.0,-74577.914063,-1888.828125,2385.588867,121,
34,1.0,-61817.558594,-82360.859375,4474.018066,49,
34,0.0,-57513.863281,-61177.699219,3312.786621,268,
34,0.0,-70757.1875,-10462.382813,1235.21582,7,
34,1.0,-74528.6875,-92029.5625,4127.773438,249,
34,0.0,-73442.765625,-45925.570313,2858.543457,23,
34,1.0,-88959.453125,-23142.75,717.472168,347,
34,1.0,-96299.421875,-98219.015625,2720.544434,175,
34,0.0,-70052.726563,-42763.167969,3861.194824,350,
34,1.0,-99123.4375,-13760.140625,2642.46875,182,
34,1.0,-932.109375,-77257.335938,807.969238,168,
35,0.0,-81991.710938,-80970.390625,3507.921875,325,
35,0.0,-66219.703125,-53973.082031,6066.057617,224,
35,0.0,-68268.492188,-90011.539063,3261.128906,213,
35,0.0,-88116.554688,-73362.78125,3972.07666,135,
35,1.0,-65373.722656,-30541.164063,1928.890137,30,
35,0.0,-11105.320313,-95087.375,4985.929688,200,
35,1.0,-50060.070313,-59753.386719,492.448242,54,
35,1.0,-53665.457031,-83883.609375,4971.739258,283,
35,1.0,-63521.8125,-33580.523438,2334.057617,254,
35,0.0,-97985.21875,-23431.914063,2645.069824,312,
35,1.0,-1181.289063,-40428.28125,1258.413086,191,
35,0.0,-71203.25,-67471.734375,6269.348633,328,
35,0.0,-99452.59375,-25619.140625,3198.742676,312,
35,0.0,-84975.6875,-93290.835938,4757.482422,155,
35,0.0,-62549.710938,-79536.851563,5772.115234,346,
35,1.0,-53819.269531,-17205.554688,1178.989258,17,
35,0.0,-94644.390625,-72283.015625,7153.052734,153,
35,0.0,-94435.203125,-55175.902344,3039.632324,90,
35,0.0,-12803.414063,-93524.632813,6207.432617,67,
35,1.0,-12052.804688,-47842.085938,948.373047,173,
36,0.0,-87212.132813,-69797.390625,3252.600586,323,
36,0.0,-92552.53125,-29479.859375,4706.91748,290,
36,1.0,-70191.15625,-11886.6875,1635.117188,261,
36,0.0,-49712.457031,-3393.117188,2757.718262,328,
36,1.0,-88021.1875,-45254.945313,5506.790039,136,
36,1.0,-61968.296875,-33106.773438,2728.99707,150,
36,1.0,-68782.226563,-5789.53125,1319.071289,187,
36,1.0,-98286.6875,-54379.148438,1990.708984,136,
36,1.0,-98677.375,-54151.503906,1952.182129,220,
36,1.0,-79336.890625,-86879.898438,3900.330566,27,
36,1.0,-16445.71875,-78078.703125,3486.34668,257,
36,0.0,-56806.324219,-39874.558594,1667.333008,355,
36,1.0,-18088.445313,-96173.296875,6761.972168,331,
36,0.0,-98714.289063,-89691.601563,3700.64502,19,
36,0.0,-80176.71875,-37210.511719,2617.899902,114,
36,1.0,-81893.273438,-2070.328125,2658.490723,303,
36,0.0,-97329.96875,-35072.507813,3591.865723,281,
36,0.0,-38920.917969,-68449.984375,3648.02002,192,
36,0.0,-68972.953125,-27729.460938,1020.206543,136,
36,1.0,-63817.132813,-84277.375,4104.463379,115,
36,1.0,-11837.46875,-90162.273438,6134.423828,137,
36,1.0,-2811.703125,-77269.640625,754.314453,159,
36,1.0,-54812.902344,-51641.273438,2165.632324,243,
36,1.0,-90660.625,-65090.707031,4447.267578,191,
36,1.0,-88879.46875,-58787.4375,3667.48291,332,
