PlasticContainer,8,147946.84375,-83013.03125,8000.0,
PlasticContainer,8,148359.0625,-34214.226563,8000.0,
PlasticContainer,8,136257.03125,-44353.597656,8000.0,
Log,9,185123.515625,-39179.320313,8000.0,
Log,9,168431.703125,-33282.117188,8000.0,
Log,9,166429.0625,-26209.78125,8000.0,
Log,9,199218.96875,-54960.5625,8000.0,
Log,9,188144.40625,-64370.859375,8000.0,
Log,9,138425.8125,-71883.101563,8000.0,
Log,9,189667.15625,-96616.28125,8000.0,
Log,9,138847.25,-52539.542969,8000.0,
Log,9,169243.84375,-43221.535156,8000.0,
Log,9,191503.6875,-5386.539063,8000.0,
Log,9,107201.710938,-62878.871094,8000.0,
Log,9,165527.71875,-85886.265625,8000.0,
Log,9,148475.96875,-79619.90625,8000.0,
Log,9,165610.765625,-43406.105469,8000.0,
Log,9,115135.398438,-21487.71875,8000.0,
Log,9,101338.34375,-33497.453125,8000.0,
Log,9,191740.5625,-49537.109375,8000.0,
Log,9,134814.28125,-32891.429688,8000.0,
Log,9,140588.421875,-5429.609375,8000.0,
Log,9,195259.8125,-84354.28125,8000.0,
Log,9,200101.859375,-77900.28125,8000.0,
Log,9,126191.5,-20017.265625,8000.0,
Log,9,116162.875,-1113.609375,8000.0,
Log,9,165930.703125,-83852.851563,8000.0,
Log,9,165352.359375,-95591.882813,8000.0,
Log,9,101313.734375,-93875.328125,8000.0,
Log,9,115781.414063,-53511.644531,8000.0,
Log,9,121878.570313,-76829.734375,8000.0,
Log,9,186154.0625,-89494.726563,8000.0,
Log,9,101553.6875,-15925.828125,8000.0,
Log,9,150327.875,-56274.128906,8000.0,
Log,9,133500.703125,-31516.34375,8000.0,
Log,9,143975.390625,-37524.292969,8000.0,
Log,9,153979.40625,-46522.363281,8000.0,
Log,9,127089.765625,-33285.195313,8000.0,
Log,9,170449.734375,-54932.878906,8000.0,
Log,9,147639.21875,-32654.5625,8000.0,
Log,9,139425.59375,-45144.199219,8000.0,
Log,9,174611.921875,-4371.375,8000.0,
Log,9,102027.429688,-91660.414063,8000.0,
Log,9,133669.90625,-91958.8125,8000.0,
Log,9,126815.976563,-70123.476563,8000.0,
Log,9,123327.492188,-40049.902344,8000.0,
Log,9,163805.0,-13231.015625,8000.0,
Log,9,134423.59375,-53819.269531,8000.0,
Log,9,165650.75,-58489.039063,8000.0,
Log,9,158012.390625,-1245.882813,8000.0,
Log,9,176774.53125,-98108.265625,8000.0,
Log,9,105248.28125,-67391.75,8000.0,
Log,9,141483.609375,-98071.351563,8000.0,
Log,9,122017.0,-72836.742188,8000.0,
Log,9,139970.09375,-87852.0,8000.0,
Log,9,117021.148438,-61402.265625,8000.0,
Log,9,198428.375,-82173.210938,8000.0,
Log,9,194930.65625,-74962.445313,8000.0,
Log,9,180472.21875,-45128.816406,8000.0,
Log,9,107690.835938,-6801.625,8000.0,
Log,9,115852.171875,-57258.535156,8000.0,
Log,9,121198.71875,-72187.648438,8000.0,
Log,9,163158.984375,-90269.945313,8000.0,
TreeBranch,10,135607.953125,-42326.339844,8000.0,
TreeBranch,10,147577.6875,-87015.25,8000.0,
TreeBranch,10,138791.875,-31648.625,8000.0,
TreeBranch,10,177143.6875,-21666.140625,8000.0,
TreeBranch,10,177755.875,-21755.351563,8000.0,
TreeBranch,10,194918.34375,-89590.085938,8000.0,
TreeBranch,10,142809.484375,-66838.03125,8000.0,
TreeBranch,10,152487.421875,-66945.695313,8000.0,
TreeBranch,10,185046.625,-13547.875,8000.0,
TreeBranch,10,138739.59375,-2402.5625,8000.0,
TreeBranch,10,149294.25,-55277.421875,8000.0,
TreeBranch,10,140126.984375,-39736.125,8000.0,
TreeBranch,10,163346.640625,-17590.085938,8000.0,
TreeBranch,10,127151.296875,-9490.28125,8000.0,
TreeBranch,10,131144.28125,-93244.6875,8000.0,
TreeBranch,10,155231.4375,-71775.429688,8000.0,
TreeBranch,10,161753.125,-50047.765625,8000.0,
TreeBranch,10,117685.625,-13000.296875,8000.0,
TreeBranch,10,185797.21875,-33217.515625,8000.0,
TreeBranch,10,149389.625,-91463.53125,8000.0,
TreeBranch,10,186360.1875,-86270.796875,8000.0,
TreeBranch,10,109241.273438,-26548.171875,8000.0,
TreeBranch,10,102482.71875,-95.359375,8000.0,
TreeBranch,10,148032.984375,-34512.625,8000.0,
TreeBranch,10,126612.945313,-41498.828125,8000.0,
TreeBranch,10,184991.25,-1565.820313,8000.0,
TreeBranch,10,151721.4375,-37991.882813,8000.0,
TreeBranch,10,198846.75,-92426.40625,8000.0,
TreeBranch,10,198305.3125,-91774.234375,8000.0,
TreeBranch,10,164684.8125,-94684.382813,8000.0,
TreeBranch,10,173762.875,-97249.992188,8000.0,
TreeBranch,10,131193.5,-91537.367188,8000.0,
TreeBranch,10,189519.5,-24637.8125,8000.0,
TreeBranch,10,176808.375,-65650.585938,8000.0,
TreeBranch,10,191666.75,-59236.574219,8000.0,
TreeBranch,10,134546.640625,-18657.554688,8000.0,
TreeBranch,10,130415.210938,-38847.082031,8000.0,
TreeBranch,10,134466.65625,-23518.046875,8000.0,
TreeBranch,10,129781.5,-569.109375,8000.0,
TreeBranch,10,139880.875,-80570.476563,8000.0,
TreeBranch,10,169191.53125,-69871.226563,8000.0,
TreeBranch,10,131110.453125,-984.40625,8000.0,
TreeBranch,10,149595.71875,-91903.4375,8000.0,
TreeBranch,10,120906.46875,-95631.875,8000.0,
TreeBranch,10,158246.1875,-60402.480469,8000.0,
TreeBranch,10,143270.921875,-70560.3125,8000.0,
TreeBranch,10,191823.625,-30544.242188,8000.0,
TreeBranch,10,105491.304688,-32076.226563,8000.0,
TreeBranch,10,160165.78125,-67065.671875,8000.0,
TreeBranch,10,149057.375,-95308.867188,8000.0,
TreeBranch,10,135854.046875,-22856.65625,8000.0,
TreeBranch,10,199674.25,-80047.507813,8000.0,
TreeBranch,10,159870.453125,-1716.554688,8000.0,
TreeBranch,10,158486.140625,-21410.8125,8000.0,
TreeBranch,10,173436.78125,-90875.96875,8000.0,
TreeBranch,10,120278.914063,-55858.832031,8000.0,
TreeBranch,10,192605.0,-15359.796875,8000.0,
TreeBranch,10,155603.671875,-6933.898438,8000.0,
TreeBranch,10,186947.75,-21487.71875,8000.0,
TreeBranch,10,151349.203125,-53656.226563,8000.0,
TreeBranch,10,182090.3125,-12637.296875,8000.0,
TreeBranch,10,153991.71875,-84363.515625,8000.0,
TreeBranch,10,148245.25,-59073.53125,8000.0,
TreeBranch,10,197948.46875,-26065.195313,8000.0,
TreeBranch,10,194496.90625,-10554.671875,8000.0,
TreeBranch,10,164100.328125,-62577.398438,8000.0,
TreeBranch,10,126957.484375,-23087.375,8000.0,
TreeBranch,10,162980.5625,-7450.71875,8000.0,
TreeBranch,10,201018.59375,-30971.84375,8000.0,
TreeBranch,10,173163.0,-71397.046875,8000.0,
TreeBranch,10,109739.625,-76276.007813,8000.0,
TreeBranch,10,135032.6875,-72581.414063,8000.0,
TreeBranch,10,155440.640625,-30916.46875,8000.0,
TreeBranch,10,137702.875,-35137.101563,8000.0,
TreeBranch,10,134543.5625,-18672.9375,8000.0,
TreeBranch,10,185563.4375,-30661.140625,8000.0,
TreeBranch,10,185101.984375,-72295.320313,8000.0,
TreeBranch,10,190273.1875,-91180.515625,8000.0,
TreeBranch,10,135088.0625,-30627.304688,8000.0,
TreeBranch,10,178731.03125,-64426.230469,8000.0,
TreeBranch,10,189670.25,-25379.195313,8000.0,
TreeBranch,10,153154.96875,-38308.738281,8000.0,
TreeBranch,10,201132.40625,-42378.636719,8000.0,
TreeBranch,10,198631.40625,-96560.90625,8000.0,
TreeBranch,10,158101.59375,-15741.25,8000.0,
TreeBranch,10,173492.15625,-32479.210938,8000.0,
TreeBranch,10,145728.859375,-48691.132813,8000.0,
TreeBranch,10,182684.03125,-372.226563,8000.0,
TreeBranch,10,195832.0,-1738.09375,8000.0,
TreeBranch,10,161402.4375,-9970.179688,8000.0,
TreeBranch,10,193918.5625,-58042.984375,8000.0,
TreeBranch,10,172473.90625,-49853.960938,8000.0,
TreeBranch,10,161307.0625,-95428.84375,8000.0,
TreeBranch,10,147891.46875,-55548.128906,8000.0,
TreeBranch,10,171972.484375,-79644.515625,8000.0,
TreeBranch,10,173968.984375,-97126.9375,8000.0,
TreeBranch,10,121592.484375,-14058.53125,8000.0,
TreeBranch,10,151386.109375,-1999.570313,8000.0,
TreeBranch,10,120475.796875,-47429.867188,8000.0,
TreeBranch,10,131128.90625,-98102.117188,8000.0,
TreeBranch,10,114920.0625,-81416.453125,8000.0,
TreeBranch,10,157637.09375,-75525.398438,8000.0,
TreeBranch,10,113594.1875,-84283.53125,8000.0,
TreeBranch,10,113726.46875,-71135.570313,8000.0,
TreeBranch,10,127452.765625,-49272.546875,8000.0,
TreeBranch,10,112243.710938,-66862.640625,8000.0,
TreeBranch,10,191746.71875,-98422.046875,8000.0,
TreeBranch,10,114575.515625,-93490.789063,8000.0,
TreeBranch,10,183474.640625,-73544.28125,8000.0,
TreeBranch,10,127385.085938,-52253.449219,8000.0,
TreeBranch,10,105254.429688,-22416.75,8000.0,
TreeBranch,10,161734.671875,-33183.679688,8000.0,
TreeBranch,10,145725.78125,-14569.195313,8000.0,
TreeBranch,10,197114.8125,-43406.105469,8000.0,
TreeBranch,10,179441.65625,-90002.304688,8000.0,
TreeBranch,10,140939.125,-24253.28125,8000.0,
TreeBranch,10,133214.609375,-85621.703125,8000.0,
TreeBranch,10,126895.960938,-78450.929688,8000.0,
TreeBranch,10,176276.1875,-41871.054688,8000.0,
TreeBranch,10,134617.390625,-72606.023438,8000.0,
TreeBranch,10,145147.4375,-27212.648438,8000.0,
TreeBranch,10,181324.34375,-48281.988281,8000.0,
TreeBranch,10,184649.78125,-82886.90625,8000.0,
TreeBranch,10,168699.34375,-2070.328125,8000.0,
TreeBranch,10,201523.09375,-32811.453125,8000.0,
TreeBranch,10,131624.1875,-64733.863281,8000.0,
TreeBranch,10,112052.976563,-62688.144531,8000.0,
TreeBranch,10,173649.046875,-43067.722656,8000.0,
TreeBranch,10,193878.578125,-99532.578125,8000.0,
TreeBranch,10,130199.875,-60125.613281,8000.0,
TreeBranch,10,196831.78125,-4494.421875,8000.0,
TreeBranch,10,159676.65625,-47854.390625,8000.0,
TreeBranch,10,151881.390625,-21447.726563,8000.0,
TreeBranch,10,186526.296875,-29412.171875,8000.0,
TreeBranch,11,134678.90625,-99449.515625,8000.0,
TreeBranch,11,147617.6875,-82308.5625,8000.0,
TreeBranch,11,176091.59375,-41923.351563,8000.0,
TreeBranch,11,193841.65625,-44790.433594,8000.0,
TreeBranch,11,162033.0625,-59565.734375,8000.0,
TreeBranch,11,122438.453125,-58282.929688,8000.0,
TreeBranch,11,167567.28125,-34952.53125,8000.0,
TreeBranch,11,115716.8125,-5371.15625,8000.0,
TreeBranch,11,115553.773438,-7512.242188,8000.0,
TreeBranch,11,146900.921875,-25800.640625,8000.0,
TreeBranch,11,127788.078125,-4731.296875,8000.0,
TreeBranch,11,141594.359375,-81010.382813,8000.0,
TreeBranch,11,188839.65625,-29107.625,8000.0,
TreeBranch,11,102415.039063,-13031.0625,8000.0,
TreeBranch,11,184169.875,-59067.378906,8000.0,
TreeBranch,11,174771.890625,-31617.859375,8000.0,
TreeBranch,11,114052.554688,-73325.875,8000.0,
TreeBranch,11,178091.1875,-978.25,8000.0,
TreeBranch,11,133639.140625,-57701.515625,8000.0,
TreeBranch,11,193331.0,-80850.421875,8000.0,
TreeBranch,11,119952.828125,-3885.328125,8000.0,
TreeBranch,11,118239.351563,-85314.078125,8000.0,
TreeBranch,11,129729.203125,-60774.703125,8000.0,
TreeBranch,11,184369.84375,-13203.335938,8000.0,
TreeBranch,11,138468.875,-41428.066406,8000.0,
TreeBranch,11,145753.46875,-20795.5625,8000.0,
TreeBranch,11,122260.03125,-59119.675781,8000.0,
TreeBranch,11,141249.8125,-72972.101563,8000.0,
TreeBranch,11,183093.1875,-84295.835938,8000.0,
TreeBranch,11,134029.828125,-63537.191406,8000.0,
TreeBranch,11,166447.5,-95136.59375,8000.0,
TreeBranch,11,123841.234375,-36164.582031,8000.0,
TreeBranch,11,185483.4375,-24714.71875,8000.0,
TreeBranch,11,152321.296875,-86987.5625,8000.0,
TreeBranch,11,190193.203125,-68671.484375,8000.0,
TreeBranch,11,180164.578125,-84255.84375,8000.0,
TreeBranch,11,197453.1875,-52379.578125,8000.0,
TreeBranch,11,166872.03125,-96600.898438,8000.0,
TreeBranch,11,126763.6875,-34309.59375,8000.0,
TreeBranch,11,129427.734375,-52481.09375,8000.0,
TreeBranch,11,151961.375,-38225.675781,8000.0,
TreeBranch,11,107472.421875,-26255.929688,8000.0,
TreeBranch,11,110511.773438,-82846.914063,8000.0,
TreeBranch,11,113689.554688,-76808.203125,8000.0,
TreeBranch,11,191119.15625,-14430.757813,8000.0,
TreeBranch,11,198603.71875,-26080.578125,8000.0,
TreeBranch,11,130750.523438,-8567.40625,8000.0,
TreeBranch,11,103682.460938,-18642.171875,8000.0,
TreeBranch,11,149955.65625,-36964.410156,8000.0,
TreeBranch,11,143960.0,-32094.679688,8000.0,
TreeBranch,11,151844.46875,-72738.304688,8000.0,
TreeBranch,11,173264.515625,-86575.34375,8000.0,
TreeBranch,11,111250.078125,-35601.625,8000.0,
TreeBranch,11,188427.4375,-28827.6875,8000.0,
TreeBranch,11,195515.15625,-40877.421875,8000.0,
TreeBranch,11,131261.1875,-34288.054688,8000.0,
TreeBranch,11,116095.195313,-54483.746094,8000.0,
TreeBranch,11,126188.421875,-97769.875,8000.0,
TreeBranch,11,183729.96875,-21841.484375,8000.0,
TreeBranch,11,123518.21875,-59516.515625,8000.0,
TreeBranch,11,139105.65625,-76900.492188,8000.0,
TreeBranch,11,186301.71875,-49973.9375,8000.0,
TreeBranch,11,146996.28125,-84714.203125,8000.0,
TreeBranch,11,189134.96875,-77564.96875,8000.0,
TreeBranch,11,126600.640625,-39083.960938,8000.0,
TreeBranch,11,166819.734375,-54123.820313,8000.0,
TreeBranch,11,193254.09375,-64663.105469,8000.0,
TreeBranch,11,182105.703125,-91035.929688,8000.0,
TreeBranch,11,198616.03125,-32977.570313,8000.0,
TreeBranch,11,143947.703125,-42326.339844,8000.0,
TreeBranch,11,136567.75,-61848.320313,8000.0,
TreeBranch,11,159175.21875,-42960.050781,8000.0,
TreeBranch,11,107475.5,-93226.234375,8000.0,
TreeBranch,11,135380.296875,-10576.203125,8000.0,
TreeBranch,11,196834.875,-20494.078125,8000.0,
TreeBranch,11,125077.890625,-60547.0625,8000.0,
TreeBranch,11,170603.546875,-72344.539063,8000.0,
TreeBranch,11,129046.273438,-4171.414063,8000.0,
TreeBranch,11,149644.9375,-962.875,8000.0,
TreeBranch,11,143178.640625,-81490.28125,8000.0,
TreeBranch,11,149506.515625,-7315.359375,8000.0,
TreeBranch,11,174854.9375,-90537.578125,8000.0,
TreeBranch,11,152019.828125,-36050.757813,8000.0,
TreeBranch,11,105909.679688,-72510.664063,8000.0,
TreeBranch,11,106970.992188,-70363.429688,8000.0,
TreeBranch,11,136232.4375,-17073.273438,8000.0,
TreeBranch,11,119066.867188,-75445.414063,8000.0,
TreeBranch,11,173039.9375,-33688.1875,8000.0,
TreeBranch,11,117664.09375,-3125.484375,8000.0,
TreeBranch,11,109481.21875,-65979.75,8000.0,
TreeBranch,11,171701.78125,-18432.984375,8000.0,
TreeBranch,12,110600.984375,-59088.910156,8000.0,
TreeBranch,12,151346.125,-1092.078125,8000.0,
TreeBranch,12,119522.15625,-62285.152344,8000.0,
TreeBranch,12,165226.234375,-79041.570313,8000.0,
TreeBranch,12,129369.28125,-33894.296875,8000.0,
TreeBranch,12,135629.484375,-38631.742188,8000.0,
TreeBranch,12,201544.625,-68105.445313,8000.0,
TreeBranch,12,125437.8125,-64740.015625,8000.0,
TreeBranch,12,123275.195313,-97308.4375,8000.0,
TreeBranch,12,182321.03125,-94179.875,8000.0,
TreeBranch,12,144898.265625,-24896.21875,8000.0,
TreeBranch,12,144861.359375,-78343.257813,8000.0,
TreeBranch,12,167493.4375,-47629.824219,8000.0,
TreeBranch,12,118279.34375,-36927.496094,8000.0,
TreeBranch,12,118288.570313,-5235.804688,8000.0,
TreeBranch,12,148654.390625,-25640.671875,8000.0,
TreeBranch,12,168782.40625,-72526.046875,8000.0,
TreeBranch,12,195035.25,-90303.78125,8000.0,
TreeBranch,12,105654.34375,-18826.75,8000.0,
TreeBranch,12,137970.515625,-27840.203125,8000.0,
TreeBranch,12,138351.96875,-55618.886719,8000.0,
TreeBranch,12,117402.609375,-34583.382813,8000.0,
TreeBranch,12,134949.625,-94013.757813,8000.0,
TreeBranch,12,132094.84375,-46325.484375,8000.0,
TreeBranch,12,174950.3125,-29704.421875,8000.0,
TreeBranch,12,201516.9375,-60190.214844,8000.0,
TreeBranch,12,116313.609375,-94690.539063,8000.0,
TreeBranch,12,123155.21875,-49201.796875,8000.0,
TreeBranch,12,158098.53125,-62952.703125,8000.0,
TreeBranch,12,126222.257813,-45919.417969,8000.0,
TreeBranch,12,196834.875,-79004.65625,8000.0,
TreeBranch,12,144239.953125,-14073.921875,8000.0,
TreeBranch,12,159593.59375,-82114.765625,8000.0,
TreeBranch,12,116328.992188,-84609.609375,8000.0,
TreeBranch,12,119918.992188,-91069.773438,8000.0,
TreeBranch,12,148519.03125,-69385.171875,8000.0,
TreeBranch,12,161950.015625,-35933.863281,8000.0,
TreeBranch,12,122404.617188,-38594.828125,8000.0,
TreeBranch,12,109268.960938,-91257.421875,8000.0,
TreeBranch,12,102562.703125,-68769.921875,8000.0,
TreeBranch,12,192688.0625,-96348.640625,8000.0,
TreeBranch,12,122001.625,-40163.726563,8000.0,
TreeBranch,12,152638.15625,-25114.632813,8000.0,
TreeBranch,12,193063.375,-9628.710938,8000.0,
TreeBranch,12,168794.703125,-91088.226563,8000.0,
TreeBranch,12,131070.453125,-21810.726563,8000.0,
TreeBranch,12,104608.414063,-30873.40625,8000.0,
TreeBranch,12,138936.46875,-86276.953125,8000.0,
TreeBranch,12,156988.0,-82905.359375,8000.0,
TreeBranch,12,127191.28125,-90700.617188,8000.0,
TreeBranch,12,104359.242188,-79942.921875,8000.0,
TreeBranch,12,128877.078125,-75282.375,8000.0,
TreeBranch,12,142594.15625,-79355.351563,8000.0,
TreeBranch,12,186984.65625,-33706.640625,8000.0,
TreeBranch,12,199631.1875,-58430.59375,8000.0,
TreeBranch,12,158633.796875,-69049.859375,8000.0,
TreeBranch,12,113412.6875,-82813.078125,8000.0,
TreeBranch,12,132116.390625,-69901.984375,8000.0,
TreeBranch,12,184895.875,-88036.578125,8000.0,
TreeBranch,12,187359.96875,-37564.28125,8000.0,
TreeBranch,12,156188.15625,-77481.90625,8000.0,
TreeBranch,12,195951.96875,-27969.40625,8000.0,
TreeBranch,12,157726.296875,-78364.796875,8000.0,
TreeBranch,12,104912.96875,-32740.695313,8000.0,
TreeBranch,12,162466.8125,-54200.726563,8000.0,
TreeBranch,12,190734.625,-73498.140625,8000.0,
TreeBranch,12,180573.71875,-22635.164063,8000.0,
TreeBranch,12,114996.96875,-27397.21875,8000.0,
TreeBranch,12,151881.390625,-73042.851563,8000.0,
TreeBranch,12,199434.3125,-62817.347656,8000.0,
TreeBranch,12,156717.28125,-28781.539063,8000.0,
TreeBranch,12,122847.59375,-94392.140625,8000.0,
TreeBranch,12,104008.546875,-61328.433594,8000.0,
TreeBranch,12,171348.0,-43458.40625,8000.0,
TreeBranch,12,122047.765625,-85960.09375,8000.0,
TreeBranch,12,143578.5625,-18789.828125,8000.0,
TreeBranch,12,105248.28125,-52622.601563,8000.0,
TreeBranch,12,135131.125,-86818.375,8000.0,
TreeBranch,12,146239.53125,-70452.640625,8000.0,
TreeBranch,12,118288.570313,-56627.898438,8000.0,
TreeBranch,12,105079.085938,-60356.332031,8000.0,
TreeBranch,12,122010.851563,-57793.804688,8000.0,
TreeBranch,12,145701.171875,-91783.46875,8000.0,
TreeBranch,12,145984.1875,-17845.421875,8000.0,
TreeBranch,12,188944.25,-90023.84375,8000.0,
TreeBranch,12,101602.90625,-27068.0625,8000.0,
TreeBranch,12,112357.53125,-70209.609375,8000.0,
TreeBranch,12,123296.734375,-100670.796875,8000.0,
TreeBranch,12,158095.453125,-88374.960938,8000.0,
TreeBranch,12,131928.734375,-15547.445313,8000.0,
TreeBranch,12,153425.671875,-57646.144531,8000.0,
TreeBranch,12,102396.578125,-50149.285156,8000.0,
TreeBranch,12,130086.046875,-31251.789063,8000.0,
TreeBranch,12,118839.21875,-79020.039063,8000.0,
TreeBranch,12,140557.65625,-92358.726563,8000.0,
TreeBranch,12,157526.34375,-68130.054688,8000.0,
TreeBranch,12,143833.875,-49177.1875,8000.0,
TreeBranch,12,192841.875,-27412.601563,8000.0,
TreeBranch,12,178041.953125,-91466.609375,8000.0,
TreeBranch,12,163297.40625,-47386.800781,8000.0,
TreeBranch,12,180475.28125,-86753.773438,8000.0,
TreeBranch,12,191294.515625,-89054.820313,8000.0,
TreeBranch,12,176343.859375,-83662.125,8000.0,
TreeBranch,12,190427.0,-53207.09375,8000.0,
TreeBranch,12,196850.25,-3079.34375,8000.0,
TreeBranch,12,161245.546875,-100723.09375,8000.0,
TreeBranch,12,143889.25,-76509.804688,8000.0,
TreeBranch,12,107647.765625,-36327.625,8000.0,
TreeBranch,12,171569.5,-12363.515625,8000.0,
TreeBranch,12,169250.0,-45897.882813,8000.0,
TreeBranch,12,189039.609375,-62352.828125,8000.0,
TreeBranch,12,103442.515625,-87698.1875,8000.0,
TreeBranch,12,163672.71875,-53514.71875,8000.0,
TreeBranch,12,123779.703125,-26040.585938,8000.0,
CanOfBeets,19,139579.40625,-90066.90625,8000.0,
CanOfBeets,19,176165.4375,-19291.265625,8000.0,
