0,1.0,76528.265625,-8324.375,2412.044434,322,
0,2.0,5688.015137,-82277.804688,2599.078125,61,
0,0.0,70132.703125,-20331.039063,5259.695313,66,
0,2.0,76531.34375,-22161.421875,5244.351563,93,
0,2.0,14113.907227,-71707.75,3387.11377,249,
0,1.0,1698.098755,-39551.550781,1124.702637,291,
0,0.0,4983.550293,-57264.6875,4464.040527,346,
0,2.0,33491.304688,-74107.242188,3013.53418,332,
0,0.0,30261.224609,-41080.453125,1189.957031,287,
0,2.0,8392.052734,-55680.410156,3601.751465,342,
0,1.0,307.626587,-58264.472656,1846.730957,153,
0,1.0,62042.125,-35472.417969,1952.876465,281,
0,2.0,55252.8125,-2079.554688,1091.570801,211,
0,0.0,51865.839844,-18205.335938,3544.815918,188,
0,0.0,34208.078125,-55160.519531,1558.871094,317,
0,2.0,74368.726563,-21798.421875,5871.555664,102,
0,2.0,90322.242188,-28378.546875,1934.769043,351,
0,1.0,60667.035156,-68511.515625,5158.50293,110,
0,2.0,3251.612793,-85926.257813,4306.418945,355,
0,1.0,74350.265625,-962.875,3028.402832,201,
0,1.0,40972.78125,-17950.007813,1045.976074,244,
0,0.0,93235.46875,-56224.910156,2373.203613,206,
0,1.0,83659.046875,-14609.1875,3855.113281,202,
0,2.0,44341.292969,-41649.566406,2233.912109,276,
0,1.0,3322.366943,-48565.007813,1935.804688,145,
0,2.0,81308.78125,-20638.664063,3778.932129,180,
0,2.0,81674.859375,-62149.796875,7673.113281,113,
0,2.0,48069.726563,-60691.648438,956.739258,64,
0,0.0,43895.234375,-27926.34375,5291.81543,259,
0,2.0,79155.390625,-44141.335938,549.701172,250,
0,2.0,88033.5,-27169.578125,2153.360352,255,
0,2.0,27594.103516,-40022.214844,936.234375,302,
0,2.0,56566.371094,-7786.03125,1159.614746,86,
0,0.0,64915.363281,-54766.757813,1475.205566,84,
0,0.0,86842.984375,-65890.53125,6167.295898,192,
0,1.0,9373.381836,-77389.617188,1635.425781,139,
0,0.0,2024.182861,-59353.472656,2124.834473,174,
0,2.0,23484.212891,-62331.296875,3599.922363,333,
0,0.0,5875.667969,-63454.136719,1614.776367,158,
0,0.0,6546.293457,-71606.234375,1005.633789,324,
0,1.0,98271.3125,-96757.789063,4024.793945,323,
0,0.0,4183.721191,-72562.953125,799.208496,253,
0,1.0,60347.109375,-9760.992188,1589.156738,162,
0,1.0,2580.987061,-73778.085938,716.144531,27,
0,2.0,41243.496094,-66776.5,3085.51709,188,
0,0.0,69006.789063,-62442.042969,5827.1875,92,
0,2.0,54019.222656,-60873.144531,706.519043,226,
0,2.0,84437.34375,-8715.0625,3173.268066,33,
0,1.0,92592.523438,-67923.953125,6554.920898,298,
0,1.0,43224.609375,-59042.769531,1265.996094,289,
0,0.0,9293.399414,-79232.296875,1890.047852,283,
0,1.0,60211.75,-24757.789063,4025.472168,169,
0,2.0,50010.851563,-63011.152344,1430.783203,5,
0,1.0,46494.679688,-68776.078125,5884.274414,23,
0,1.0,31937.789063,-76571.328125,4270.252441,226,
0,0.0,90814.4375,-14529.203125,3766.875977,138,
0,0.0,5165.050293,-37413.542969,581.9375,188,
0,1.0,52690.28125,-15618.203125,2951.068848,146,
0,0.0,60180.988281,-56215.679688,1251.110352,164,
0,2.0,33097.542969,-63389.53125,2148.596191,335,
0,2.0,66622.6875,-4411.359375,2418.796875,233,
0,2.0,17144.029297,-75673.0625,2104.611328,325,
0,0.0,57243.15625,-2925.53125,1212.020508,210,
0,1.0,37127.449219,-11975.90625,1476.193359,213,
0,1.0,59433.457031,-59476.523438,1677.147949,38,
0,1.0,94389.0625,-91700.40625,5255.733398,355,
0,2.0,96976.203125,-87070.625,6158.539063,304,
0,1.0,82933.046875,-48614.226563,1384.884766,111,
0,1.0,86827.601563,-31448.664063,678.483398,119,
0,0.0,85200.257813,-62239.007813,7749.832031,49,
0,2.0,58190.644531,-12357.359375,2170.348145,294,
0,0.0,762.913879,-97394.570313,5124.857422,53,
0,0.0,97459.171875,-94770.515625,4423.933105,199,
0,1.0,60513.222656,-29233.75,4751.407715,224,
0,1.0,71424.742188,-35761.589844,719.894531,43,
0,0.0,19266.652344,-44507.414063,2387.27002,311,
0,0.0,88968.679688,-2651.734375,1880.020996,144,
0,2.0,46608.5,-43107.710938,2470.230957,140,
0,1.0,78675.5,-7721.421875,2363.228027,193,
0,0.0,65669.046875,-51770.476563,880.170898,13,
0,1.0,42677.035156,-28984.578125,3903.604004,56,
0,1.0,94207.5625,-60986.96875,4258.096191,95,
0,0.0,79093.867188,-55538.902344,3846.223633,330,
0,1.0,24127.152344,-68969.875,3196.569336,146,
0,2.0,43538.386719,-15132.148438,1193.894043,327,
0,1.0,68791.453125,-30522.710938,1451.105469,59,
0,1.0,56640.207031,-35383.210938,2432.193848,72,
0,1.0,61826.789063,-42267.894531,488.052246,76,
0,2.0,97816.023438,-30258.148438,1741.836914,137,
0,0.0,61814.484375,-54985.175781,914.314941,36,
0,0.0,69320.570313,-1332.023438,3749.726074,334,
0,1.0,16688.742188,-82351.632813,5534.044922,87,
0,1.0,3913.01001,-57646.144531,4308.849609,128,
0,1.0,51905.835938,-65253.75,3363.443848,73,
0,0.0,46107.070313,-70729.5,6639.487305,131,
0,0.0,41735.699219,-69941.984375,5641.555664,166,
0,0.0,58467.507813,-36936.726563,1826.532715,171,
0,1.0,54293.015625,-37468.914063,1724.163574,216,
0,0.0,27914.037109,-49041.828125,1309.166016,200,
0,0.0,64856.910156,-31574.789063,2371.069824,271,
0,0.0,78370.945313,-32971.414063,1010.244141,305,
0,2.0,90229.945313,-8687.375,2473.735352,35,
0,2.0,30451.953125,-59061.226563,2388.342285,145,
0,1.0,79727.578125,-47045.332031,1079.418945,330,
0,2.0,99707.921875,-33608.203125,637.136719,42,
0,1.0,72839.820313,-16058.109375,4838.517578,328,
0,1.0,41748.003906,-35967.699219,1748.741211,168,
0,1.0,87375.179688,-252.25,2072.179199,187,
0,1.0,21481.5625,-56452.554688,2934.748535,56,
0,1.0,29535.226563,-47780.5625,1732.984375,33,
0,2.0,95262.71875,-13554.03125,1849.847656,28,
0,1.0,3023.969238,-84766.5,3935.76709,307,
0,1.0,82031.703125,-3919.164063,1282.071289,69,
0,1.0,12677.291992,-85609.398438,6268.381836,328,
0,0.0,33725.101563,-78247.898438,7926.95752,90,
0,2.0,36958.253906,-63192.652344,1964.913086,226,
1,0.0,14240.03418,-39702.289063,772.816895,124,
1,2.0,91897.289063,-92103.398438,5996.341797,245,
1,0.0,97502.242188,-22293.695313,4847.727539,74,
1,0.0,59418.074219,-26723.523438,4571.830078,309,
1,2.0,9927.109375,-47414.484375,1975.503418,246,
1,1.0,70329.585938,-1221.273438,3872.201172,91,
1,1.0,85913.945313,-79379.960938,6291.582031,333,
1,1.0,16433.412109,-64515.445313,5735.882813,179,
1,1.0,1648.878418,-53883.871094,2190.962402,11,
1,1.0,32273.103516,-61916.0,2177.572754,181,
1,1.0,44418.199219,-28707.710938,5450.424805,163,
1,2.0,11166.844727,-39028.582031,489.249512,298,
1,0.0,11234.522461,-70701.8125,1731.338867,228,
1,0.0,81041.148438,-62405.128906,7699.037109,14,
1,0.0,92500.234375,-57812.261719,3166.959473,238,
1,1.0,84381.96875,-95410.382813,6156.618164,295,
1,2.0,34435.71875,-55043.621094,1519.903809,308,
1,0.0,33691.261719,-17002.515625,582.802734,331,
1,2.0,40419.058594,-65730.570313,2847.766602,93,
1,2.0,61125.398438,-64183.207031,3029.591797,230,
1,0.0,26372.826172,-47149.929688,1355.008789,78,
1,2.0,57999.917969,-57270.839844,983.913086,182,
1,2.0,90562.1875,-22438.28125,3374.75,309,
1,1.0,57280.070313,-30873.40625,4922.012695,303,
1,1.0,95714.929688,-97612.992188,4253.251465,353,
1,2.0,61802.179688,-61005.425781,2808.500488,29,
1,0.0,73956.507813,-15138.304688,4468.197754,246,
1,1.0,76325.234375,-29347.578125,2044.253906,90,
1,0.0,75445.414063,-30654.992188,1432.07666,263,
1,2.0,49367.914063,-32285.40625,5373.80957,356,
1,0.0,30778.039063,-50232.34375,2480.800293,245,
1,1.0,34777.183594,-59371.929688,2177.723145,76,
1,1.0,21847.638672,-61070.027344,3133.354004,71,
1,1.0,61039.265625,-58744.371094,2013.65332,150,
1,0.0,93383.125,-30811.882813,864.197266,198,
1,0.0,84858.789063,-25972.914063,2315.04834,84,
1,2.0,7324.588867,-40462.125,1233.177734,87,
1,2.0,61909.84375,-65059.945313,3215.288574,25,
1,0.0,13135.655273,-79038.5,2186.306641,119,
1,2.0,71760.046875,-21232.390625,5589.85791,176,
1,1.0,326.084167,-66570.390625,606.952637,244,
1,1.0,20146.464844,-66702.671875,5890.095703,283,
1,1.0,67281.007813,-67594.789063,7391.890625,341,
1,1.0,47654.433594,-23348.859375,6573.291016,128,
1,2.0,6204.828125,-82167.0625,2549.872559,174,
1,0.0,27348.003906,-64607.730469,3073.340332,107,
1,2.0,7195.385254,-63395.683594,1641.556641,290,
1,2.0,50632.257813,-8788.890625,1114.696289,129,
1,2.0,6737.021973,-68837.59375,984.987305,88,
1,1.0,10733.09082,-78980.046875,1839.314453,175,
1,0.0,2651.740967,-43341.507813,1830.685547,221,
1,1.0,70212.695313,-2750.179688,3364.100098,260,
1,1.0,97170.007813,-23610.34375,5031.137695,308,
1,1.0,95810.296875,-58061.441406,2849.833496,36,
1,0.0,4592.864746,-63604.871094,1458.562988,154,
1,2.0,97373.039063,-92540.226563,4633.775879,0,
1,2.0,31676.308594,-72821.359375,2546.20166,118,
1,0.0,16005.810547,-83499.078125,5950.767578,50,
1,1.0,13904.720703,-77488.054688,2169.967773,40,
1,1.0,67477.890625,-29889.0,1912.632324,312,
1,0.0,47202.222656,-17583.929688,2388.531738,304,
1,2.0,78706.257813,-34463.40625,968.862305,349,
1,2.0,86089.296875,-80432.046875,6773.279785,237,
1,1.0,75500.789063,-50819.910156,1441.805176,75,
1,1.0,45596.410156,-58996.625,927.830566,3,
1,2.0,72532.195313,-28110.914063,2658.152832,289,
1,0.0,449.134796,-42969.277344,1670.249023,171,
1,1.0,39028.582031,-9613.328125,897.015137,116,
1,1.0,97320.742188,-24084.085938,5009.750977,260,
1,2.0,34549.539063,-60596.285156,2198.380859,255,
1,2.0,68886.820313,-63712.539063,6011.152344,45,
1,0.0,5380.388672,-86704.546875,4724.065918,281,
1,2.0,40385.214844,-5352.703125,822.609863,279,
1,0.0,85960.09375,-65327.582031,6481.858887,97,
1,0.0,93198.546875,-55861.910156,2218.515137,211,
1,0.0,71089.421875,-58802.820313,5132.521484,105,
1,2.0,55295.878906,-17036.359375,3361.856934,26,
1,2.0,47411.410156,-14763.0,1834.285156,193,
1,1.0,71824.65625,-28741.554688,2428.572754,156,
1,1.0,2430.25,-97868.320313,5943.151367,187,
1,0.0,70837.171875,-34386.5,806.873047,26,
1,0.0,10653.108398,-44313.609375,1293.678711,28,
1,0.0,4094.509766,-74076.484375,1008.206543,273,
1,1.0,14095.449219,-56726.339844,3243.383789,337,
1,1.0,8062.892578,-58098.355469,4411.929688,164,
1,0.0,81428.757813,-14547.664063,4247.25,321,
1,0.0,31783.978516,-59073.53125,2343.572266,202,
1,2.0,52644.132813,-32491.515625,4590.364746,319,
1,1.0,23155.050781,-74374.875,2056.188965,69,
1,1.0,68929.882813,-2122.625,3499.196289,305,
1,1.0,20349.498047,-57815.335938,3003.916016,332,
1,0.0,44744.285156,-37530.445313,2391.950195,79,
1,1.0,38367.1875,-51696.644531,592.856445,93,
1,0.0,85307.921875,-69311.34375,7514.175781,282,
1,2.0,52714.890625,-64613.882813,3036.726563,130,
1,0.0,87242.898438,-100117.070313,3313.20459,255,
1,1.0,59030.464844,-14307.710938,2085.450684,145,
1,1.0,58304.464844,-23370.390625,4170.858887,311,
1,2.0,20521.769531,-55538.902344,3465.429688,244,
1,0.0,9647.168945,-77749.539063,1665.487793,77,
1,1.0,37758.085938,-58959.710938,1824.522461,60,
1,0.0,56412.5625,-66924.15625,3185.250977,246,
1,0.0,57166.246094,-40326.769531,587.461914,336,
1,2.0,64.601578,-91149.757813,4529.945801,156,
1,2.0,39354.667969,-23545.742188,883.685059,24,
1,2.0,21087.800781,-58636.703125,3030.744141,84,
1,1.0,65401.410156,-15169.0625,3702.278809,242,
1,2.0,31534.798828,-60036.402344,2282.033203,206,
1,1.0,37964.195313,-70720.273438,2854.079102,283,
1,2.0,45208.800781,-25031.570313,6430.259766,216,
1,0.0,50100.0625,-44052.128906,1662.439453,282,
1,0.0,78509.382813,-18525.273438,4344.65625,350,
1,2.0,15187.524414,-40016.0625,1197.428223,76,
1,2.0,37631.957031,-9102.671875,589.588867,74,
1,2.0,39431.574219,-69366.71875,3036.980957,180,
1,1.0,56323.347656,-15147.53125,2690.146973,59,
1,0.0,36810.597656,-52370.347656,1048.217773,200,
1,1.0,3691.518799,-89777.742188,5364.913086,36,
1,0.0,58184.492188,-8321.296875,1559.107422,22,
1,2.0,94173.71875,-99701.773438,3430.783691,107,
1,0.0,75310.0625,-53908.480469,2554.882324,43,
1,2.0,20334.117188,-67887.03125,4816.394043,190,
1,0.0,58544.410156,-5946.421875,1533.314453,240,
1,2.0,41538.816406,-63927.878906,2611.648438,227,
1,1.0,35281.691406,-47466.78125,818.070801,6,
1,1.0,31962.402344,-74356.421875,2986.98584,224,
1,1.0,30421.191406,-60257.894531,2253.797363,112,
1,1.0,24573.210938,-68588.421875,2958.403809,83,
1,0.0,91312.796875,-11071.476563,3156.090332,124,
1,2.0,7887.544922,-89654.6875,5400.683594,178,
1,0.0,67308.695313,-12618.84375,3142.256836,332,
1,1.0,1005.938904,-61070.027344,1462.402832,5,
1,0.0,46734.628906,-15938.132813,1793.554688,295,
1,2.0,84145.09375,-23191.96875,2778.947754,117,
1,2.0,63008.074219,-37016.707031,1593.126953,8,
1,0.0,81696.390625,-32291.5625,1138.054688,45,
1,1.0,65124.546875,-12594.234375,2621.396484,97,
1,2.0,74365.648438,-1372.015625,3004.029785,233,
1,1.0,37687.332031,-50164.667969,474.072266,81,
1,1.0,68991.40625,-29479.859375,2125.57373,228,
1,1.0,892.117065,-81234.953125,1812.210938,270,
1,1.0,75756.125,-116.898438,2729.223145,295,
1,0.0,57996.839844,-65192.222656,2895.116699,54,
1,0.0,91980.34375,-830.59375,951.601074,98,
1,2.0,83376.03125,-96114.84375,5898.75293,227,
1,1.0,87688.953125,-96671.648438,5695.963867,209,
1,0.0,61645.289063,-18183.804688,2913.546875,206,
1,2.0,55797.304688,-21896.859375,4456.647949,246,
1,1.0,56511.0,-18614.484375,3469.128418,117,
1,0.0,95010.46875,-21429.265625,5058.862305,355,
1,1.0,43873.703125,-71996.921875,6721.11377,187,
1,0.0,84203.546875,-58716.683594,6570.101074,75,
1,0.0,57307.753906,-39671.527344,715.918945,23,
1,1.0,43932.148438,-6170.984375,516.666504,108,
1,1.0,95244.265625,-56910.917969,2509.126953,33,
1,0.0,70707.96875,-9081.132813,2051.756836,25,
1,0.0,89134.804688,-91688.101563,7272.491211,273,
1,2.0,43858.320313,-45525.65625,1629.455566,270,
1,2.0,92475.625,-53499.339844,1548.085449,44,
1,2.0,16617.988281,-55406.621094,3780.739746,119,
1,0.0,48361.972656,-37078.230469,2774.755859,18,
1,1.0,43353.8125,-47958.984375,860.605469,294,
1,0.0,90279.171875,-96954.671875,4479.801758,35,
1,2.0,33623.585938,-65370.648438,2139.970215,131,
1,2.0,90574.492188,-96985.429688,4422.016113,341,
1,0.0,64650.796875,-58027.601563,2177.145996,220,
1,2.0,3088.570801,-87119.84375,4384.644043,25,
1,0.0,64253.960938,-15993.507813,3188.345703,65,
1,2.0,55080.539063,-40788.207031,558.321777,294,
1,1.0,70225.0,-49675.539063,735.177734,234,
1,0.0,66142.789063,-8296.6875,1472.737305,14,
1,1.0,96151.757813,-30682.671875,1277.05957,310,
1,2.0,14464.601563,-43421.492188,1160.002441,211,
1,0.0,62860.414063,-3251.617188,2081.144043,138,
1,2.0,44787.351563,-60737.789063,1539.359863,256,
1,0.0,27612.560547,-65958.21875,2910.440918,130,
1,2.0,5309.634766,-86962.953125,4812.098145,129,
1,1.0,85953.945313,-80490.492188,6852.052734,67,
1,0.0,17993.078125,-82000.9375,5692.779297,188,
1,2.0,76014.523438,-29058.40625,2132.611328,326,
1,2.0,396.838287,-37419.695313,861.702637,59,
1,2.0,81059.601563,-6589.359375,2120.909668,4,
1,1.0,79810.632813,-53837.726563,3470.933594,198,
1,0.0,85483.273438,-74421.023438,7226.902832,360,
1,0.0,84797.265625,-19417.390625,2823.035645,134,
1,0.0,94792.046875,-95496.515625,4563.38916,53,
1,1.0,95453.453125,-55394.316406,1980.154297,301,
1,2.0,54422.214844,-13886.265625,2752.818848,239,
1,1.0,35921.554688,-57280.070313,1823.483398,128,
1,1.0,15501.302734,-85430.976563,7989.835449,41,
1,2.0,49444.820313,-11963.601563,1952.769043,26,
1,0.0,64715.40625,-58750.523438,2419.151367,216,
1,1.0,55314.335938,-27015.765625,6156.130859,337,
1,0.0,99784.835938,-31261.015625,1279.277832,138,
1,0.0,44941.167969,-61337.664063,1681.195313,158,
1,0.0,32469.986328,-70228.070313,2200.394531,262,
1,0.0,71403.203125,-26960.390625,2964.986328,251,
1,0.0,10936.124023,-77444.992188,1661.265137,186,
1,2.0,67567.101563,-54886.734375,2124.838867,131,
1,1.0,44661.226563,-44756.589844,1493.387695,178,
1,0.0,63177.269531,-5943.34375,1527.279297,26,
1,2.0,63128.050781,-67296.390625,5436.450195,199,
1,0.0,88408.804688,-64521.597656,6037.139648,264,
1,2.0,56043.410156,-69375.945313,5962.34668,287,
1,0.0,55908.054688,-16150.398438,3043.070313,110,
1,1.0,47786.710938,-62765.050781,1612.643555,334,
1,0.0,83452.9375,-47869.769531,1290.25,148,
1,0.0,95416.539063,-100661.570313,3223.681152,207,
1,1.0,65699.8125,-24.609375,4338.133789,2,
1,1.0,78853.921875,-46042.46875,843.114746,91,
1,0.0,18620.636719,-55388.164063,4144.336426,144,
1,2.0,73350.484375,-13101.820313,3678.933105,296,
1,0.0,40858.960938,-59639.566406,1521.164551,60,
1,1.0,89971.546875,-29018.414063,1635.333008,102,
1,1.0,9459.516602,-70292.671875,1484.22998,11,
1,1.0,56723.261719,-34700.273438,2748.797363,249,
1,1.0,82650.03125,-56846.316406,5496.74707,333,
1,1.0,49306.386719,-30814.953125,6413.537109,54,
2,0.0,50853.746094,-39496.179688,1965.188965,221,
2,0.0,14107.754883,-60233.285156,2551.871094,108,
2,0.0,32666.867188,-16781.03125,623.80957,49,
2,0.0,48915.703125,-10791.539063,1549.269043,75,
2,0.0,59590.347656,-54739.074219,631.523438,159,
2,0.0,32885.28125,-17743.898438,502.949707,350,
2,0.0,66718.054688,-34798.71875,1304.284668,44,
2,0.0,9625.635742,-91805.0,7676.093262,155,
2,0.0,7484.554688,-45968.640625,1808.941406,45,
2,0.0,2734.800049,-53748.515625,2375.54834,57,
2,0.0,18946.720703,-75749.96875,2151.656738,166,
2,0.0,44353.601563,-20589.445313,3049.168945,119,
2,0.0,80102.882813,-52321.128906,2518.327148,106,
2,0.0,6435.54834,-54979.023438,2864.532227,254,
2,0.0,88661.054688,-48718.816406,976.901367,206,
2,0.0,59710.316406,-65296.816406,2821.192871,223,
2,0.0,51936.597656,-27052.679688,7656.541016,24,
2,0.0,7170.775391,-53228.628906,2617.431152,113,
2,0.0,26698.910156,-52711.816406,1798.359863,138,
2,0.0,30138.175781,-46925.355469,1564.750977,84,
2,0.0,92088.015625,-58405.980469,3636.221191,16,
2,0.0,42680.113281,-8684.296875,505.875977,293,
2,0.0,23588.804688,-63232.640625,3760.148926,84,
2,0.0,45162.65625,-30685.75,5413.086914,9,
2,0.0,62854.261719,-9545.648438,1839.762695,266,
2,0.0,8970.390625,-65761.328125,1654.381836,48,
2,0.0,66782.648438,-65816.703125,6280.269531,295,
2,0.0,31811.664063,-63032.683594,2249.959473,342,
2,0.0,2294.894287,-59150.4375,2193.975098,156,
2,0.0,88248.835938,-26009.828125,2455.813965,4,
2,0.0,82413.164063,-18928.265625,3637.331543,233,
2,0.0,3559.239502,-97609.914063,6169.617188,358,
2,0.0,22699.765625,-45814.828125,1611.823242,98,
2,0.0,74082.632813,-23908.734375,5051.186523,60,
2,0.0,100289.335938,-21924.546875,4202.587402,55,
2,0.0,19798.845703,-58713.605469,3123.762207,282,
2,0.0,24985.431641,-54477.589844,2213.153809,171,
2,0.0,25905.234375,-76023.757813,2820.08252,267,
2,0.0,43526.082031,-34949.460938,2404.962402,299,
2,0.0,97668.359375,-16762.570313,2576.033203,291,
2,0.0,49211.023438,-38031.871094,2635.688965,78,
2,0.0,1482.760132,-97496.09375,5463.34375,312,
2,0.0,44867.335938,-43307.667969,1765.779297,96,
2,0.0,91857.296875,-92112.625,6003.694336,229,
2,0.0,47131.46875,-61454.558594,1336.94043,42,
2,0.0,42246.355469,-61266.90625,1959.191406,5,
2,0.0,81542.578125,-51019.867188,1816.744141,18,
2,0.0,9105.74707,-89768.507813,6348.868164,134,
2,0.0,86415.382813,-21816.875,2927.459473,318,
2,0.0,26625.078125,-62343.601563,3236.487793,178,
2,0.0,32940.65625,-53077.890625,1387.15625,52,
2,0.0,62795.8125,-64718.476563,2930.004883,125,
2,0.0,46313.179688,-9268.789063,1210.3125,341,
2,0.0,67637.859375,-66093.570313,6954.134766,120,
2,0.0,98154.414063,-59295.019531,3307.419922,119,
2,0.0,85151.03125,-77657.25,6585.779785,359,
2,0.0,63020.378906,-28424.695313,2900.347656,5,
2,0.0,92084.9375,-62500.492188,5045.950195,151,
2,0.0,78423.242188,-37198.207031,714.913086,274,
2,0.0,45947.105469,-71840.03125,7783.375488,182,
2,0.0,15325.955078,-51585.898438,2312.647949,170,
2,0.0,73901.132813,-13735.53125,3937.077393,148,
2,0.0,34143.472656,-56384.875,1745.021484,158,
2,0.0,34497.242188,-71286.304688,2443.888672,315,
2,0.0,39071.652344,-59771.84375,1720.185547,92,
2,0.0,10179.363281,-84766.5,4354.016602,129,
2,0.0,92051.101563,-9481.046875,1597.796387,159,
2,0.0,60405.554688,-22404.445313,3379.19873,59,
2,0.0,89593.164063,-73356.632813,6271.176758,124,
2,0.0,45900.960938,-66355.046875,3947.529785,75,
2,0.0,81844.054688,-4485.195313,1339.789063,312,
2,0.0,51813.542969,-6210.984375,997.846191,37,
2,0.0,33122.152344,-43532.234375,504.21582,309,
2,0.0,89507.03125,-18602.179688,3292.641113,38,
2,0.0,70831.023438,-57421.574219,4286.30127,92,
2,0.0,70535.695313,-55163.597656,2415.388184,82,
2,0.0,56104.933594,-20632.515625,4010.041504,248,
2,0.0,94678.234375,-58365.992188,2925.654785,340,
2,0.0,59295.019531,-4266.78125,1423.695313,180,
2,0.0,86747.617188,-73645.796875,6682.081055,121,
2,0.0,34349.582031,-59744.15625,2216.922363,350,
2,0.0,44799.65625,-6549.367188,583.991211,114,
2,0.0,24044.091797,-62472.804688,3580.288574,271,
2,0.0,80352.0625,-48395.8125,1405.224121,106,
2,0.0,40163.726563,-19678.875,738.61377,165,
2,0.0,53434.734375,-31830.125,4665.254395,315,
2,0.0,92217.21875,-96342.492188,4505.839844,102,
2,0.0,33322.109375,-13295.625,638.436523,104,
2,0.0,62565.09375,-58602.863281,2226.399902,68,
2,0.0,54579.105469,-24382.484375,6587.488281,284,
2,0.0,2777.868164,-82139.375,2388.046387,326,
2,0.0,67410.210938,-23610.34375,3242.084473,280,
2,0.0,43236.914063,-48229.695313,479.774902,353,
2,0.0,83108.398438,-96939.289063,5705.731445,279,
2,0.0,47285.28125,-6777.007813,775.940918,168,
2,0.0,21746.123047,-46491.601563,1796.684082,70,
2,0.0,45088.828125,-59654.945313,1191.851563,165,
2,0.0,59925.65625,-57107.796875,1886.410645,303,
2,0.0,62045.203125,-25742.195313,3322.021973,64,
3,0.0,97994.445313,-55594.277344,2234.912598,35,
3,0.0,44113.652344,-16005.8125,1311.475586,185,
3,0.0,90829.820313,-61777.570313,4886.151855,22,
3,0.0,885.964539,-47131.464844,1825.842773,269,
3,0.0,80435.125,-3386.96875,1328.263672,247,
3,0.0,58519.800781,-55877.292969,719.164063,17,
3,0.0,49570.949219,-68979.109375,6782.853516,287,
3,0.0,79050.804688,-48804.957031,1319.518555,151,
3,0.0,72824.4375,-1578.125,3293.088379,339,
3,0.0,489.126251,-67145.65625,562.625977,38,
3,0.0,12585.00293,-48051.269531,1750.20166,23,
3,0.0,41022.003906,-71855.414063,7855.907715,133,
3,0.0,95801.070313,-61965.222656,5110.492188,99,
3,0.0,8161.333496,-56744.796875,4511.486816,344,
3,0.0,73015.171875,-50395.386719,1084.115234,84,
3,0.0,77238.875,-61989.832031,7645.849609,189,
3,0.0,87178.296875,-70763.34375,6788.220703,270,
3,0.0,4885.109863,-83926.679688,3517.026855,180,
3,0.0,89282.460938,-52558.0,1754.945801,312,
3,0.0,41477.289063,-9739.453125,592.432617,79,
3,0.0,5392.693848,-41428.066406,1484.164063,268,
3,0.0,44827.34375,-31562.484375,4579.356934,67,
3,0.0,62251.3125,-8225.9375,1935.260254,28,
3,0.0,86544.585938,-54665.242188,3911.684082,196,
3,0.0,99357.234375,-54951.335938,1795.904297,295,
3,0.0,5903.354004,-49795.515625,2199.495117,354,
3,0.0,70092.71875,-21998.375,4742.120605,94,
3,0.0,13637.085938,-39133.179688,561.016602,97,
3,0.0,50906.046875,-46097.839844,938.770508,63,
3,0.0,50287.714844,-68370.007813,5612.631836,243,
3,0.0,80948.859375,-29329.117188,2344.516113,96,
3,0.0,83471.398438,-20081.859375,3164.160156,147,
3,0.0,58113.734375,-57347.746094,1062.966797,23,
3,0.0,85572.484375,-74088.78125,7215.545898,314,
3,0.0,62611.238281,-37004.402344,1586.365723,272,
3,0.0,42643.195313,-9416.453125,528.768555,298,
3,0.0,39606.921875,-35583.167969,895.013672,212,
3,0.0,81090.367188,-16359.578125,4566.162109,307,
3,0.0,52721.042969,-38951.679688,1353.075684,63,
3,0.0,27200.341797,-47918.988281,1305.832031,78,
3,0.0,74134.929688,-27769.453125,2817.236328,121,
3,0.0,54068.449219,-40689.769531,648.692383,68,
3,0.0,46783.847656,-37142.835938,2746.85791,72,
3,0.0,12714.206055,-87578.210938,6290.011719,215,
3,0.0,41960.265625,-5152.742188,566.598633,299,
3,0.0,97136.164063,-27400.296875,4160.694336,254,
3,0.0,81896.34375,-57486.179688,5566.696289,205,
3,0.0,15292.117188,-39825.335938,1053.369629,121,
3,0.0,73073.617188,-35524.714844,788.302734,115,
3,0.0,62094.421875,-68554.578125,5783.180664,183,
3,0.0,33359.027344,-73344.328125,2789.528809,31,
3,0.0,6746.250488,-73485.835938,1136.014648,173,
3,0.0,91180.515625,-57283.144531,3269.276855,277,
3,0.0,7687.587891,-44249.007813,1699.961914,183,
3,0.0,45676.394531,-44898.097656,2773.138672,285,
3,0.0,58076.820313,-20730.953125,3646.618652,253,
3,0.0,58932.019531,-36321.46875,2269.887207,293,
3,0.0,82954.578125,-11797.476563,3582.79541,246,
3,0.0,64810.765625,-59479.597656,2621.182617,26,
3,0.0,47611.367188,-27188.039063,6627.414063,232,
3,0.0,32457.681641,-17337.835938,531.141602,156,
3,0.0,67554.796875,-57879.941406,3921.253418,278,
3,0.0,56089.554688,-32165.429688,4098.242676,307,
3,0.0,79798.328125,-52917.925781,2861.464355,1,
3,0.0,23518.052734,-41889.511719,1098.141602,104,
3,0.0,69585.125,-24853.148438,3552.123535,316,
3,0.0,89245.546875,-8678.148438,2599.508301,325,
3,0.0,17522.410156,-65493.695313,5332.790039,322,
3,0.0,48715.746094,-34371.117188,3606.54541,200,
3,0.0,14996.795898,-68769.921875,3161.964355,287,
3,0.0,95505.742188,-99329.546875,3780.808594,310,
3,0.0,92214.140625,-98591.242188,3552.058105,26,
3,0.0,5518.820801,-73802.695313,1045.025391,119,
3,0.0,17596.240234,-53850.03125,2779.26416,213,
3,0.0,5475.75293,-77512.671875,1627.817871,230,
3,0.0,45424.140625,-24284.039063,6336.199219,253,
3,0.0,76857.421875,-61602.222656,7469.952637,63,
3,0.0,86572.273438,-27212.648438,2126.235352,340,
3,0.0,73242.8125,-8558.171875,2500.263184,165,
3,0.0,1661.183472,-38637.894531,962.037598,222,
3,0.0,64758.472656,-67594.789063,5679.482422,349,
3,0.0,87153.6875,-56471.011719,4758.931152,136,
3,0.0,5088.143555,-51816.621094,2608.04248,296,
3,0.0,63820.207031,-16365.734375,3103.874512,6,
3,0.0,91903.4375,-69514.375,7131.347168,44,
3,0.0,83416.023438,-12400.429688,3714.157227,346,
3,0.0,27526.427734,-68797.609375,2528.331055,309,
3,0.0,83972.828125,-33906.601563,795.242188,197,
3,0.0,47728.261719,-58867.421875,552.183105,163,
3,0.0,39880.707031,-39862.25,1548.984863,264,
3,0.0,44904.25,-18260.71875,2131.268066,268,
3,0.0,87076.773438,-69117.539063,6865.314453,256,
3,0.0,39945.3125,-53262.464844,566.23584,99,
3,0.0,32894.507813,-68348.46875,2247.019531,83,
3,0.0,35863.105469,-74371.804688,4845.803223,75,
3,0.0,42809.316406,-17873.101563,1112.453613,321,
3,0.0,60571.675781,-36299.933594,2072.577148,28,
3,0.0,53231.699219,-24763.9375,7447.941406,20,
3,0.0,50635.332031,-24336.34375,7697.547363,346,
3,0.0,90522.195313,-16328.820313,3485.820801,207,
3,0.0,73735.015625,-21915.3125,5907.477539,327,
3,0.0,90959.023438,-10800.773438,3152.134766,225,
3,0.0,93964.539063,-67394.828125,6854.662109,332,
3,0.0,98348.21875,-33885.070313,525.107422,185,
3,0.0,35318.609375,-65530.613281,1980.862793,102,
3,0.0,22278.316406,-68939.117188,3955.454102,250,
3,0.0,52398.035156,-18251.484375,3558.633301,111,
3,0.0,90337.617188,-92900.148438,6092.400391,308,
3,0.0,90174.578125,-3205.46875,1730.062988,251,
3,0.0,98142.101563,-32319.25,738.462891,141,
3,0.0,63731.0,-67102.585938,5222.117188,16,
3,0.0,85215.640625,-19202.054688,2761.450684,50,
3,0.0,2196.453857,-65075.324219,866.746094,71,
3,0.0,39056.269531,-72996.710938,7018.014648,40,
3,0.0,24013.330078,-64106.300781,3835.776367,222,
3,0.0,89476.265625,-67508.65625,6220.401367,185,
3,0.0,94226.023438,-16264.21875,3567.804199,311,
3,0.0,100443.148438,-98920.398438,3522.334961,7,
3,0.0,32614.568359,-47706.726563,934.955078,357,
3,0.0,78767.78125,-3854.5625,1577.234375,218,
3,0.0,44147.488281,-11160.695313,930.165039,310,
3,0.0,30778.039063,-53425.507813,2234.111328,133,
3,0.0,62598.933594,-26985.0,3018.725586,318,
3,0.0,97932.914063,-17777.734375,3134.727051,74,
3,0.0,58910.488281,-14806.0625,2096.195801,191,
3,0.0,9757.915039,-87212.132813,5047.042969,13,
3,0.0,72621.40625,-52884.082031,1607.053223,259,
3,0.0,64666.179688,-65530.613281,4684.04541,198,
3,0.0,78712.414063,-27950.953125,2901.339355,321,
3,0.0,21140.099609,-60048.707031,3091.719238,181,
3,0.0,50770.691406,-26169.796875,7710.449707,24,
3,0.0,22275.240234,-64703.097656,5403.120117,269,
3,0.0,39689.980469,-21330.828125,936.919922,82,
3,0.0,41615.722656,-42443.242188,2310.789551,209,
3,0.0,86689.164063,-98219.015625,4789.472168,184,
3,0.0,56391.023438,-26083.65625,5793.964844,291,
3,0.0,82579.273438,-30276.609375,1784.015137,359,
3,0.0,5961.802734,-40400.597656,1283.789551,307,
3,0.0,95754.921875,-22115.273438,5062.869141,64,
3,0.0,21623.072266,-48758.8125,2018.251465,125,
3,0.0,46288.570313,-32509.976563,4181.38623,61,
3,0.0,27932.494141,-63503.355469,3024.652344,65,
3,0.0,57892.246094,-39570.007813,731.964355,52,
3,0.0,77638.796875,-62020.59375,7587.122559,184,
3,0.0,94032.21875,-97560.695313,4115.621582,84,
3,0.0,39954.539063,-20592.523438,852.117188,120,
3,0.0,55342.019531,-61851.398438,1263.310547,340,
3,0.0,47042.257813,-36518.355469,2716.650391,324,
3,0.0,76906.648438,-50915.273438,1635.120605,24,
3,0.0,2956.29126,-55892.671875,2291.130371,81,
3,0.0,91989.570313,-80238.242188,7962.075195,107,
3,0.0,6598.589844,-83434.484375,2963.991699,5,
3,0.0,97428.414063,-19789.617188,4212.868652,17,
3,0.0,90220.71875,-74168.765625,6382.202148,356,
3,0.0,98622.007813,-25323.820313,4893.188965,201,
3,0.0,96324.03125,-22804.359375,5093.916992,343,
3,0.0,87799.703125,-22001.453125,3081.04834,102,
3,0.0,20804.785156,-52582.609375,2333.936523,308,
3,0.0,83489.851563,-60928.519531,7259.47998,11,
3,0.0,52370.347656,-46377.785156,502.251465,248,
3,0.0,59836.445313,-8625.851563,1267.187012,353,
3,0.0,87249.046875,-28301.648438,1824.133301,331,
3,0.0,13953.942383,-51508.992188,2148.922363,271,
3,0.0,646.015808,-89297.84375,4618.751953,286,
3,0.0,84071.265625,-14972.1875,3840.93457,26,
3,0.0,91411.234375,-65770.5625,5976.770508,186,
3,0.0,34469.558594,-74497.929688,3767.488281,352,
3,0.0,70148.085938,-14276.953125,3817.007324,45,
3,0.0,45547.191406,-44464.347656,2244.389648,114,
3,0.0,75334.671875,-19143.601563,5597.03418,46,
3,0.0,76112.96875,-12501.945313,3676.753418,226,
3,0.0,71526.25,-49229.480469,783.010742,214,
3,0.0,5285.024902,-96397.867188,7258.976563,77,
3,0.0,90113.054688,-31177.953125,571.699219,249,
3,0.0,473.744934,-93764.578125,4800.17041,191,
3,0.0,4236.018066,-98757.359375,7336.542969,339,
3,0.0,57009.359375,-33469.773438,3345.076172,296,
3,0.0,58255.246094,-36229.183594,2267.597168,153,
3,0.0,85157.1875,-33851.226563,726.258789,163,
3,0.0,55114.378906,-28529.289063,5828.384766,85,
3,0.0,23813.373047,-63041.914063,3713.987305,277,
3,0.0,12415.808594,-75442.34375,1758.42041,275,
3,0.0,61839.09375,-16248.835938,2581.67627,133,
3,0.0,23238.111328,-72852.125,2568.022949,107,
3,0.0,75202.390625,-23376.546875,5292.192383,208,
3,0.0,42584.746094,-29433.710938,3829.533691,287,
3,0.0,83729.796875,-4506.726563,1412.663574,136,
3,0.0,67099.507813,-34171.164063,1214.138184,151,
3,0.0,26160.564453,-48724.976563,1490.010742,4,
3,0.0,44655.074219,-22330.609375,4660.33252,232,
3,0.0,66961.078125,-26877.335938,2737.150879,20,
3,0.0,4069.899658,-83723.648438,3481.544434,351,
3,0.0,1999.572754,-99495.664063,6431.155273,105,
3,0.0,56760.175781,-59221.191406,657.316406,355,
3,0.0,72193.804688,-58867.421875,5625.970703,115,
3,0.0,26834.267578,-73144.375,2250.442383,54,
3,0.0,74977.828125,-10846.914063,2810.569824,273,
3,0.0,82090.148438,-3826.875,1282.816406,26,
3,0.0,70957.140625,-21121.640625,5288.091797,329,
3,0.0,26077.505859,-44089.042969,1171.962891,265,
3,0.0,91389.703125,-72418.375,6942.224121,129,
3,0.0,61266.90625,-56661.738281,1413.06543,268,
3,0.0,62026.746094,-9084.210938,1749.599609,94,
3,0.0,87581.289063,-76888.1875,5855.723633,204,
3,0.0,20131.083984,-46580.820313,1926.412598,256,
3,0.0,97163.859375,-20832.476563,4600.630371,330,
3,0.0,7170.775391,-88590.304688,4879.443848,341,
3,0.0,25446.869141,-44984.230469,1339.43457,214,
3,0.0,70588.0,-32371.539063,703.027832,314,
3,0.0,91211.28125,-53742.363281,1780.878418,354,
3,0.0,90211.492188,-58276.777344,4410.875488,200,
3,0.0,70166.546875,-32008.546875,722.658691,341,
3,0.0,51395.171875,-7072.335938,1066.182617,146,
3,0.0,79275.367188,-55904.976563,4113.73291,272,
3,0.0,20161.845703,-44169.023438,2280.321777,287,
3,0.0,3390.045166,-72236.875,703.918945,22,
3,0.0,95111.984375,-27815.59375,3427.519043,255,
3,0.0,4269.856934,-44430.507813,2054.176758,142,
3,0.0,69738.945313,-21736.890625,4678.79834,350,
3,0.0,100267.804688,-18042.304688,2200.154785,74,
3,0.0,56135.695313,-40163.726563,648.148926,162,
3,0.0,86393.851563,-22696.6875,2833.45166,163,
3,0.0,47039.179688,-68305.40625,5605.823242,315,
3,0.0,25702.199219,-39191.625,475.208496,211,
3,0.0,71806.195313,-23321.164063,4650.96875,125,
3,0.0,97505.320313,-91208.203125,4590.364746,251,
3,0.0,59981.03125,-66841.101563,4259.405762,89,
3,0.0,87464.382813,-61811.40625,5781.140625,176,
3,0.0,91306.648438,-80247.46875,7580.695313,277,
3,0.0,92946.289063,-7770.640625,604.274902,135,
3,0.0,70843.328125,-36582.953125,515.498535,308,
3,0.0,86436.914063,-75556.164063,6443.831055,122,
3,0.0,84800.34375,-59187.351563,6231.96582,69,
3,0.0,5891.048828,-65373.722656,1280.460938,295,
3,0.0,21844.5625,-42117.15625,1248.491211,264,
3,0.0,101.516769,-46202.4375,1830.00293,322,
3,0.0,1439.692383,-66582.695313,695.677246,163,
3,0.0,3051.655518,-40028.367188,1073.51709,320,
3,0.0,83859.007813,-100347.789063,3981.322998,270,
3,0.0,53877.71875,-17977.695313,3653.368652,49,
3,0.0,54705.234375,-19894.210938,4437.58252,268,
3,0.0,58279.855469,-32943.726563,3567.964844,296,
3,0.0,6087.930176,-75100.875,1265.447266,12,
3,0.0,79330.742188,-23582.65625,3846.284668,62,
3,0.0,69520.53125,-5063.53125,2476.946777,55,
3,0.0,14999.87207,-75765.351563,2080.505371,357,
3,0.0,36026.148438,-68114.671875,2147.420898,71,
4,1.0,82037.859375,-10084.0,3203.279785,235,
4,1.0,48438.878906,-69099.078125,5970.541992,85,
4,1.0,54357.617188,-12449.648438,1852.5,54,
4,1.0,55757.316406,-33525.140625,3276.451172,90,
4,1.0,17802.349609,-60448.621094,3154.583008,313,
4,0.0,38447.171875,-6287.890625,733.488281,211,
4,0.0,98215.9375,-59719.546875,3456.166992,284,
4,1.0,60442.46875,-65262.976563,3498.388672,321,
4,1.0,6638.581543,-83819.015625,3249.069824,7,
4,0.0,87276.734375,-70615.679688,6746.828613,340,
4,0.0,65130.699219,-18328.390625,3169.463379,124,
4,0.0,88042.726563,-19195.898438,2885.056152,114,
4,0.0,80542.789063,-17383.976563,4391.672852,139,
4,0.0,91906.515625,-63774.066406,5609.374023,218,
4,1.0,64306.261719,-53410.128906,1045.431641,208,
4,1.0,92617.132813,-28692.335938,2269.411621,311,
4,0.0,48552.703125,-45341.078125,2663.257324,262,
4,0.0,27941.722656,-37259.730469,604.298828,273,
4,0.0,53779.277344,-32420.765625,4218.717285,335,
4,0.0,21358.513672,-67742.453125,4983.143066,292,
4,1.0,12326.59668,-58522.882813,2568.51416,284,
4,0.0,95035.078125,-25160.78125,4640.633789,286,
4,0.0,17482.417969,-46765.394531,1746.459473,194,
4,0.0,63844.816406,-52613.371094,880.172363,354,
4,1.0,15132.150391,-77608.03125,2334.111816,100,
4,1.0,99068.0625,-53065.585938,729.742188,229,
4,0.0,44147.488281,-56646.355469,559.501465,307,
4,0.0,17036.359375,-61113.097656,3059.167969,116,
4,1.0,78278.664063,-17245.546875,4796.032227,191,
4,1.0,47414.484375,-16390.34375,2146.170898,232,
4,0.0,738.303772,-58664.386719,1934.955566,141,
4,0.0,87104.460938,-95604.1875,6105.570313,175,
4,0.0,20149.541016,-73956.5,2128.57373,140,
4,0.0,18436.060547,-64835.378906,5792.788086,304,
4,1.0,41301.945313,-31556.335938,1088.967285,104,
4,0.0,57461.570313,-3319.289063,1198.387695,62,
4,0.0,85741.679688,-53496.261719,3150.787598,38,
4,1.0,86673.789063,-54997.480469,4102.220703,86,
4,0.0,7204.614746,-85240.25,3598.32666,150,
4,1.0,34571.074219,-12489.632813,659.543945,210,
4,1.0,15928.904297,-60547.0625,2836.537109,73,
4,0.0,75968.382813,-28147.828125,2557.053223,240,
4,0.0,92048.023438,-20226.445313,4601.346191,241,
4,0.0,71230.9375,-54376.074219,2141.211914,44,
4,0.0,96742.40625,-89245.546875,5262.682617,231,
4,1.0,73821.148438,-55871.140625,3424.469727,28,
4,1.0,59295.019531,-27437.210938,4734.17334,78,
4,1.0,23121.212891,-78072.546875,5740.577148,359,
4,1.0,98019.054688,-70901.773438,7916.585938,188,
4,1.0,69963.507813,-790.601563,4157.056641,66,
4,0.0,3753.044189,-99144.96875,6996.435059,247,
4,0.0,19014.398438,-56175.691406,4436.560059,149,
4,0.0,86929.117188,-12268.148438,4178.402344,35,
5,1.0,59076.605469,-68228.5,3737.296387,143,
5,1.0,85283.3125,-47328.347656,1074.008301,286,
5,2.0,91783.460938,-24563.984375,3247.20459,69,
5,0.0,4654.390137,-79364.578125,1915.737305,47,
5,0.0,41301.945313,-18639.09375,1021.462891,64,
5,2.0,32180.816406,-39936.082031,536.546875,260,
5,1.0,86443.070313,-4909.71875,1578.621582,112,
5,2.0,84923.390625,-21933.773438,2847.408691,187,
5,1.0,80816.578125,-55803.460938,4545.72998,176,
5,2.0,80269.007813,-45940.949219,971.790039,302,
5,2.0,42618.585938,-29153.773438,3771.358887,301,
5,1.0,48214.3125,-28680.03125,6755.338867,261,
5,0.0,25683.742188,-51988.890625,1804.768066,62,
5,2.0,2888.613525,-63435.675781,1235.098633,263,
5,0.0,49118.734375,-64936.894531,2453.48291,202,
5,0.0,59319.628906,-58470.582031,1914.564941,239,
5,1.0,69185.210938,-32728.390625,716.091797,246,
5,1.0,63734.074219,-31519.421875,2877.458008,21,
5,0.0,39751.507813,-4211.40625,815.883301,34,
5,1.0,8905.789063,-83231.445313,4011.381836,39,
5,0.0,62217.476563,-41634.179688,546.172852,88,
5,2.0,49860.113281,-70181.929688,6543.148438,13,
5,0.0,92318.734375,-99126.507813,3362.22998,319,
5,2.0,23841.058594,-62100.578125,3485.131836,104,
5,1.0,18371.458984,-41803.375,2517.118652,136,
5,2.0,17950.011719,-39594.617188,2778.79834,224,
5,1.0,7696.816895,-83053.023438,3488.182129,177,
5,0.0,21847.638672,-72375.304688,2660.938965,153,
5,0.0,66398.117188,-23841.0625,2857.100098,7,
6,1.0,72316.851563,-22908.945313,5261.53418,297,
6,2.0,67502.5,-68763.765625,7761.874023,277,
6,0.0,38653.28125,-60270.199219,1852.202148,177,
6,1.0,76500.578125,-46633.113281,665.785156,307,
6,1.0,95139.671875,-61808.332031,4848.318359,119,
6,0.0,59701.089844,-64536.980469,2283.030273,180,
6,0.0,77675.710938,-54231.488281,3272.739746,164,
6,0.0,89423.96875,-92918.609375,6407.499023,5,
6,0.0,42406.324219,-43212.308594,2497.998535,284,
6,2.0,48515.789063,-61220.765625,1027.010742,306,
6,2.0,55335.867188,-30227.390625,5151.329102,221,
6,1.0,88356.507813,-49970.863281,1394.401367,95,
6,2.0,21100.107422,-47682.117188,1992.125488,23,
6,0.0,25053.107422,-45427.21875,1407.198242,129,
6,0.0,21269.300781,-41092.757813,2407.214355,288,
6,2.0,54185.34375,-12446.570313,1874.651855,153,
6,2.0,95558.039063,-89420.890625,5227.290039,355,
6,1.0,87833.539063,-79896.773438,6352.916992,284,
6,1.0,13634.009766,-61174.621094,2504.158691,62,
6,2.0,29944.371094,-62989.617188,2532.97998,310,
6,1.0,72239.945313,-61436.101563,7475.29834,245,
6,2.0,32313.09375,-67711.6875,2384.526367,167,
6,2.0,97108.476563,-23222.726563,4964.213867,192,
6,1.0,58581.332031,-2953.21875,1517.954102,75,
6,2.0,65515.234375,-20549.453125,3191.764648,286,
6,2.0,2950.138916,-52031.960938,2436.810059,161,
6,2.0,87981.203125,-100138.601563,3243.342773,294,
7,0.0,7072.334473,-86996.796875,4228.478027,68,
7,1.0,292.245239,-76355.992188,784.010254,231,
7,2.0,79512.242188,-59519.589844,6358.722656,117,
7,2.0,81757.914063,-21813.804688,3561.785645,152,
7,1.0,17030.207031,-69412.859375,4204.693848,165,
7,2.0,23834.90625,-47955.910156,1779.237793,165,
7,0.0,62565.09375,-54126.894531,917.225586,12,
7,0.0,2374.877197,-63703.3125,1093.212891,216,
7,2.0,46042.46875,-20743.257813,4781.923828,75,
7,2.0,92192.609375,-99360.304688,3277.779785,201,
7,2.0,4103.73877,-89042.515625,4920.689941,132,
7,1.0,1661.183472,-93290.835938,4870.312012,187,
7,2.0,26708.138672,-59513.4375,2944.379395,175,
7,2.0,92669.429688,-29870.539063,1559.590332,199,
7,1.0,39490.023438,-55600.429688,1072.801758,293,
7,2.0,100516.984375,-92817.09375,4947.732422,302,
7,1.0,79223.070313,-13575.5625,4441.725098,23,
7,2.0,43886.007813,-17350.140625,1376.461426,276,
7,2.0,63918.652344,-10108.609375,1915.255859,212,
7,1.0,55363.554688,-8062.890625,1466.50293,304,
7,0.0,87310.570313,-62651.226563,6230.500977,330,
7,2.0,74922.453125,-48912.621094,910.740234,257,
7,0.0,42187.910156,-39674.601563,2197.578613,136,
7,0.0,14719.931641,-49703.222656,1957.536621,360,
7,1.0,29279.896484,-49047.980469,2035.688477,233,
7,1.0,90971.328125,-31371.757813,508.988281,72,
7,1.0,3956.077881,-68163.890625,774.42334,230,
8,0.0,25939.074219,-38840.929688,548.203613,76,
8,0.0,92094.171875,-28169.367188,2364.040039,17,
8,0.0,91251.265625,-12412.734375,3637.577637,327,
8,0.0,53693.144531,-21518.476563,5282.817383,53,
8,0.0,49641.699219,-28446.226563,7356.776855,334,
8,0.0,7386.11377,-54520.660156,2874.289063,321,
8,0.0,13600.170898,-66358.125,3664.993652,133,
8,0.0,5552.659668,-83286.820313,3215.131348,173,
8,0.0,92475.625,-63740.226563,5541.875,359,
8,0.0,16928.691406,-60537.832031,3009.945801,52,
8,0.0,9001.15332,-54529.886719,3351.387695,79,
8,0.0,82748.46875,-98394.359375,5280.06543,168,
8,0.0,47276.050781,-26901.945313,6483.126465,57,
8,0.0,84806.492188,-53403.976563,3123.633789,18,
8,0.0,84538.859375,-31670.15625,1034.637695,102,
8,0.0,52290.367188,-11308.351563,2079.525879,122,
8,0.0,27111.128906,-46054.773438,1196.465332,175,
8,0.0,1971.88623,-98455.882813,6492.135742,31,
8,0.0,6229.437988,-89519.335938,4980.165039,184,
8,0.0,88827.171875,-74211.835938,6126.361328,115,
8,0.0,53923.863281,-62442.042969,1677.296875,176,
8,0.0,20426.404297,-59464.21875,3092.878906,53,
8,0.0,85489.421875,-4334.460938,1619.048828,195,
8,0.0,20371.03125,-49054.132813,2098.312988,148,
8,0.0,84978.765625,-8207.476563,3025.618652,281,
8,0.0,52637.980469,-67911.640625,4240.072266,204,
8,0.0,11772.869141,-73372.015625,1657.491699,196,
8,0.0,59313.476563,-25929.84375,4480.595703,228,
8,0.0,64755.394531,-23321.164063,3001.248535,14,
8,0.0,23315.019531,-60325.570313,3252.736328,32,
8,0.0,88027.34375,-98871.179688,4129.568359,16,
8,0.0,91245.117188,-51902.753906,1359.169434,201,
8,0.0,100258.578125,-62568.171875,4951.865234,231,
8,0.0,30116.642578,-59061.226563,2406.324707,37,
8,0.0,67914.71875,-6866.226563,1686.671875,247,
8,0.0,55098.996094,-31660.929688,4405.217285,291,
8,0.0,100058.617188,-86347.703125,6643.360352,132,
8,0.0,63527.964844,-2513.3125,2631.486816,343,
8,0.0,43938.300781,-13409.445313,709.247559,128,
8,0.0,67385.601563,-59910.277344,4331.918457,4,
8,0.0,91995.726563,-98197.476563,3707.309082,86,
8,0.0,45104.207031,-19931.125,3071.410645,166,
8,0.0,99978.640625,-19405.085938,3302.866699,225,
8,0.0,1870.369629,-76094.507813,949.365234,217,
8,0.0,43750.648438,-24173.296875,4953.975586,55,
8,0.0,9431.831055,-76623.625,1554.766113,22,
8,0.0,53905.40625,-21567.703125,5237.047852,261,
8,0.0,89746.976563,-71772.359375,6443.979492,253,
8,0.0,1888.827148,-97151.546875,5477.357422,217,
8,0.0,69311.34375,-21555.398438,4550.089355,189,
8,0.0,79773.71875,-49829.351563,1634.94043,73,
8,0.0,11819.012695,-72347.617188,1739.382324,141,
8,0.0,29904.380859,-42750.863281,1339.745117,233,
8,0.0,44710.445313,-25440.71875,6504.533203,349,
8,0.0,17953.087891,-48851.097656,2028.501465,114,
8,0.0,28772.3125,-72642.9375,2421.947266,284,
8,0.0,32030.078125,-63494.125,2279.196777,176,
8,0.0,62974.238281,-50933.730469,563.067871,173,
8,0.0,68566.882813,-19844.992188,4232.485352,284,
8,0.0,43609.144531,-7736.804688,595.211914,220,
8,0.0,95.364235,-86310.789063,3676.246582,236,
8,0.0,37185.902344,-64995.34375,2071.561523,276,
8,0.0,88374.960938,-18113.054688,2902.150879,310,
8,0.0,82557.742188,-8115.1875,2917.053223,233,
8,0.0,65379.875,-59301.171875,3196.046387,359,
8,0.0,100224.734375,-71575.476563,7345.701172,179,
8,0.0,11416.022461,-52198.078125,2806.776855,358,
8,0.0,36410.683594,-62263.621094,2002.464355,266,
8,0.0,52997.90625,-38819.398438,1311.861328,293,
8,0.0,51118.308594,-14409.226563,2585.04248,232,
8,0.0,59488.828125,-7026.195313,1540.856445,62,
8,0.0,88498.015625,-59519.589844,5116.907227,47,
8,0.0,43563.0,-28335.484375,4938.375,33,
8,0.0,39302.371094,-21983.0,664.164551,260,
8,0.0,71338.601563,-4651.3125,2650.098145,221,
8,0.0,10120.914063,-56218.757813,4633.313477,233,
8,0.0,98821.960938,-20829.398438,4147.087402,354,
8,0.0,75420.804688,-27101.90625,3109.915527,257,
8,0.0,84800.34375,-14941.421875,3843.546875,146,
8,0.0,39985.300781,-60513.222656,1793.333008,38,
8,0.0,51964.28125,-13187.953125,2592.690918,40,
8,0.0,14129.288086,-50829.136719,2071.440918,10,
8,0.0,81431.835938,-23161.203125,3271.502441,208,
8,0.0,286.092712,-49853.960938,1702.939941,8,
8,0.0,815.210449,-93546.164063,4713.444824,283,
8,0.0,93013.96875,-29138.390625,2092.98584,282,
8,0.0,55114.378906,-33617.4375,3293.837402,293,
8,0.0,79189.234375,-55332.792969,3824.544922,234,
8,0.0,4189.873535,-43427.644531,1911.745605,291,
8,0.0,36813.671875,-60414.785156,2078.089355,177,
8,0.0,91940.351563,-60153.300781,4585.467773,42,
8,0.0,22321.384766,-38791.710938,825.503906,282,
8,0.0,8232.086914,-46882.289063,1894.924316,324,
8,0.0,6684.725586,-59747.234375,3633.404297,121,
8,0.0,53800.808594,-24763.9375,7186.186035,210,
9,0.0,49189.492188,-461.4375,738.557617,16,
9,0.0,11123.777344,-71461.65625,1666.904785,143,
9,0.0,28384.703125,-72203.03125,2370.208008,328,
9,0.0,100307.796875,-90629.867188,5092.449219,136,
9,0.0,81330.3125,-11520.617188,3501.104004,36,
9,0.0,44768.894531,-47276.050781,1829.430664,264,
9,0.0,90974.40625,-60110.234375,5077.77832,131,
9,0.0,33863.535156,-69262.125,2303.987793,294,
9,0.0,40468.277344,-68197.734375,3205.119141,302,
9,0.0,76192.953125,-20051.101563,5342.5,37,
9,0.0,46033.242188,-30273.53125,5567.851563,183,
9,0.0,70557.226563,-12606.539063,3772.179199,235,
9,0.0,43313.820313,-55785.003906,495.294434,296,
9,0.0,33125.226563,-55351.25,1757.899902,55,
9,0.0,13550.950195,-72695.234375,2837.934082,360,
9,0.0,21918.392578,-67656.3125,4992.306641,175,
9,0.0,26191.326172,-73651.953125,2209.020996,294,
9,0.0,47571.371094,-6355.5625,565.851074,193,
9,0.0,42421.703125,-23062.765625,2958.997559,316,
9,0.0,38920.914063,-4725.140625,964.84082,289,
9,0.0,17494.722656,-57070.882813,3903.861816,213,
9,0.0,94708.992188,-64124.757813,5399.75,237,
9,0.0,93973.765625,-20432.554688,5003.623047,291,
9,0.0,39662.292969,-34478.789063,471.521484,333,
9,0.0,68243.882813,-2270.289063,3386.94043,150,
9,0.0,1528.904053,-81751.765625,2083.130371,343,
9,0.0,97446.867188,-23813.375,5010.185547,240,
10,0.0,74922.453125,-56941.679688,4549.27002,43,
10,0.0,19149.753906,-50989.105469,2123.570313,134,
10,0.0,12123.563477,-68271.5625,2210.560059,292,
10,0.0,86926.046875,-31159.492188,744.954102,131,
10,0.0,80675.070313,-22096.8125,3779.427734,289,
10,0.0,60448.621094,-8561.25,1419.955078,25,
10,0.0,90835.976563,-66893.398438,6238.925781,30,
10,0.0,17488.570313,-39299.296875,1816.766113,313,
10,0.0,97899.078125,-58972.015625,3231.25,57,
10,0.0,22456.740234,-68471.523438,4206.87207,117,
10,0.0,16125.785156,-44196.707031,1703.166992,342,
10,0.0,71956.929688,-21152.398438,5676.149414,174,
10,0.0,28633.882813,-76180.640625,4246.569824,164,
10,0.0,99157.273438,-86193.890625,6481.311523,299,
10,0.0,17648.537109,-68308.484375,4249.077637,49,
10,0.0,67407.132813,-61562.230469,4346.53125,16,
10,0.0,10462.379883,-76928.179688,1602.573242,343,
10,0.0,89002.523438,-81351.84375,7219.048828,276,
10,0.0,50933.734375,-30085.882813,7012.121094,170,
10,0.0,97588.382813,-53284.0,1026.080078,29,
10,0.0,68302.328125,-28646.1875,2529.693848,264,
10,0.0,97517.625,-32383.84375,659.161621,165,
10,0.0,55375.859375,-66524.25,3136.149414,97,
10,0.0,31919.332031,-65355.265625,2390.624512,18,
10,0.0,83317.578125,-76162.1875,7984.525391,27,
10,0.0,93013.96875,-66890.328125,6205.492188,103,
10,0.0,47042.257813,-18026.921875,2542.463867,95,
10,0.0,23096.603516,-61402.265625,3273.040039,153,
10,0.0,16488.785156,-46288.570313,1534.572266,256,
10,0.0,67739.375,-31897.796875,1066.088867,196,
10,0.0,50056.996094,-26062.125,7469.689941,128,
10,0.0,86938.351563,-74584.0625,6442.303711,299,
10,0.0,73762.703125,-55569.667969,3129.677246,62,
10,0.0,64284.726563,-5678.789063,1683.124023,150,
10,0.0,43261.523438,-71507.796875,6655.115723,257,
10,0.0,74337.960938,-24496.304688,4756.218262,41,
10,0.0,68145.4375,-53631.617188,1358.96582,360,
10,0.0,40372.910156,-65810.554688,2855.922363,175,
10,0.0,1571.971802,-91583.507813,4988.521484,84,
10,0.0,98917.320313,-29944.367188,2016.871582,181,
10,0.0,54843.667969,-27517.195313,6207.949219,168,
10,0.0,68105.445313,-37035.164063,584.387695,236,
10,0.0,57110.875,-34328.046875,2924.175293,71,
10,0.0,94524.414063,-59356.546875,3268.869629,250,
10,0.0,23207.349609,-72889.039063,2552.013184,313,
10,0.0,76285.234375,-31233.328125,1313.705078,291,
10,0.0,20801.708984,-56021.875,3560.398438,198,
10,0.0,85757.0625,-57344.671875,5412.024414,203,
10,0.0,45054.988281,-36389.148438,2516.178711,214,
10,0.0,81721.0,-12969.539063,3818.739258,351,
10,0.0,96847.0,-64367.785156,6597.578125,230,
10,0.0,58609.015625,-55609.65625,637.395508,115,
10,0.0,14950.652344,-57904.550781,3078.083008,313,
10,0.0,99784.835938,-64592.351563,6368.477539,98,
10,0.0,20884.767578,-45316.46875,1835.294922,233,
10,0.0,11382.182617,-74448.703125,1637.892578,48,
10,0.0,31676.308594,-50678.402344,2268.149902,187,
10,0.0,62986.542969,-20740.179688,3124.731934,55,
10,0.0,56944.753906,-35893.867188,2211.932617,236,
10,0.0,84421.960938,-59990.257813,6415.061523,314,
10,0.0,99455.671875,-64438.539063,6430.232422,249,
10,0.0,16811.792969,-49512.5,2081.772461,44,
10,0.0,97852.9375,-68283.875,6891.728027,340,
10,0.0,47540.609375,-24773.171875,6385.426758,81,
10,0.0,35469.34375,-51216.746094,1052.733398,85,
10,0.0,63706.390625,-27621.789063,2761.975586,253,
10,0.0,48460.414063,-18974.40625,3576.119141,126,
10,0.0,29904.380859,-63229.566406,2575.922363,164,
10,0.0,16356.504883,-57520.015625,3559.877441,103,
10,0.0,73153.601563,-22186.03125,5787.264648,334,
10,0.0,8770.433594,-68656.09375,1532.520508,312,
10,0.0,86784.53125,-70397.265625,6902.345703,346,
10,0.0,90854.429688,-71775.429688,6815.089844,134,
10,0.0,27387.994141,-48611.152344,1336.644531,306,
10,0.0,80339.757813,-45544.113281,901.140625,329,
10,0.0,50413.84375,-37610.425781,2545.72168,52,
10,0.0,81238.03125,-20189.53125,3750.840332,263,
10,0.0,15975.048828,-79463.015625,2938.630371,251,
10,0.0,68896.046875,-35066.351563,865.077637,14,
10,0.0,49484.8125,-29452.171875,7097.428711,80,
10,0.0,63217.261719,-63749.457031,3275.64502,162,
10,0.0,3888.399902,-70169.625,669.705078,316,
10,0.0,51859.6875,-16990.210938,3157.588867,104,
10,0.0,94613.632813,-52210.382813,1216.019043,236,
10,0.0,66699.59375,-67330.234375,6890.196777,220,
10,0.0,64238.578125,-73.828125,4498.490723,198,
10,0.0,42504.765625,-7173.851563,535.333008,104,
10,0.0,63850.96875,-31805.515625,2810.688965,331,
10,0.0,40529.800781,-54462.207031,655.500977,126,
10,0.0,295.321503,-98868.101563,5070.500977,268,
10,0.0,7038.496094,-72356.84375,1094.205566,91,
10,0.0,67167.1875,-58692.074219,4314.165039,5,
10,0.0,13560.180664,-45565.644531,1409.775391,159,
10,0.0,99631.015625,-53825.421875,1047.680664,68,
10,0.0,23450.373047,-45842.511719,1564.874023,35,
10,0.0,65687.507813,-59808.761719,3504.355957,51,
10,0.0,5718.77832,-74054.945313,1095.200684,86,
10,0.0,20561.759766,-40354.453125,3102.07373,81,
10,0.0,22979.705078,-56267.976563,2683.811035,110,
10,0.0,43861.398438,-41609.570313,2037.998535,82,
10,0.0,94496.734375,-89823.882813,5287.523438,321,
10,0.0,50918.351563,-23068.914063,7569.458496,100,
10,0.0,45774.835938,-32525.359375,3990.619873,154,
10,0.0,84434.265625,-18073.0625,3272.407715,144,
10,0.0,66090.492188,-4765.132813,2205.677246,178,
10,0.0,87236.742188,-47017.648438,636.741211,354,
10,0.0,661.397156,-49672.460938,1780.351563,164,
10,0.0,80951.929688,-29015.335938,2445.437988,224,
10,0.0,60965.4375,-51225.976563,480.945313,161,
10,0.0,1633.497192,-55991.113281,2178.097168,21,
10,0.0,26320.529297,-46457.765625,1318.157227,31,
11,0.0,48574.234375,-67188.71875,4993.135742,360,
11,0.0,92008.03125,-18042.304688,3864.221191,114,
11,0.0,48967.996094,-29329.117188,6929.26709,142,
11,0.0,1938.047363,-69197.523438,533.378906,60,
11,0.0,48506.558594,-60866.992188,931.818359,58,
11,0.0,41606.496094,-68773.0,4516.92041,336,
11,0.0,99344.929688,-68766.84375,6503.107422,4,
11,0.0,45516.425781,-36955.183594,2601.269531,332,
11,0.0,25588.378906,-49066.4375,1621.944824,325,
11,0.0,38231.828125,-6690.875,661.220215,207,
11,0.0,90814.4375,-91288.1875,6618.727051,6,
11,0.0,37468.917969,-72532.195313,3914.375244,17,
11,0.0,65247.59375,-62829.652344,4459.041992,56,
11,0.0,25369.964844,-60943.902344,3425.803711,18,
11,0.0,51499.765625,-30135.101563,6818.581055,41,
11,0.0,86686.09375,-28892.289063,1676.131348,147,
11,0.0,23228.882813,-63432.597656,4004.469727,152,
11,0.0,93146.25,-87325.953125,6974.705078,62,
11,0.0,88587.226563,-18974.40625,3005.73877,312,
11,0.0,74005.726563,-719.851563,3134.072266,258,
11,0.0,60599.359375,-64712.324219,2937.372559,49,
11,0.0,48226.617188,-34128.09375,3611.315918,215,
11,0.0,49992.394531,-23161.203125,7593.019043,197,
11,0.0,51955.054688,-27526.429688,7561.445801,62,
11,0.0,44501.261719,-44393.59375,1545.995117,329,
11,0.0,62202.09375,-61759.109375,2582.633301,161,
11,0.0,93564.625,-8053.664063,518.144043,194,
11,0.0,53828.496094,-63887.886719,8000.0,191,
11,0.0,58307.539063,-29206.0625,5208.422852,258,
11,0.0,74528.695313,-34715.65625,823.214844,100,
11,0.0,34807.949219,-10203.976563,723.71582,208,
11,0.0,74291.8125,-5121.984375,2430.822754,277,
11,0.0,76823.585938,-24767.015625,4558.345215,187,
11,0.0,27286.476563,-58122.964844,2620.618652,95,
11,0.0,48777.269531,-63734.074219,1876.20166,340,
11,0.0,6217.132813,-74088.78125,1149.530273,268,
11,0.0,88424.179688,-82080.921875,7530.458984,141,
11,0.0,40631.320313,-61955.992188,2157.867676,195,
11,0.0,57827.644531,-4679.0,1213.421875,67,
11,0.0,88547.234375,-56704.804688,4323.92334,111,
11,0.0,98418.96875,-61374.578125,4463.773438,346,
11,0.0,61734.503906,-31808.59375,3287.641113,321,
11,0.0,83886.6875,-58381.371094,6613.95459,69,
11,0.0,32851.441406,-62669.6875,2140.024902,282,
11,0.0,25409.955078,-73285.875,2454.107422,325,
11,0.0,98237.46875,-17660.84375,2971.552246,249,
11,0.0,40443.667969,-37385.859375,2056.619141,328,
11,0.0,41781.839844,-71317.070313,6958.193848,152,
11,0.0,88621.0625,-81238.03125,7187.202148,202,
11,0.0,46799.230469,-11643.664063,1261.606934,87,
11,0.0,75374.664063,-522.96875,2802.040527,288,
11,0.0,90980.5625,-71867.71875,6852.604492,205,
11,0.0,9650.245117,-42698.570313,1226.470215,32,
11,0.0,46033.242188,-43258.449219,2280.463379,6,
11,0.0,42652.421875,-35761.589844,1964.029785,88,
11,0.0,61596.070313,-21201.625,3155.595703,28,
12,0.0,59633.414063,-19688.101563,3184.820313,196,
12,0.0,446.058533,-61820.636719,1164.012695,358,
12,0.0,86224.65625,-72744.453125,7060.476563,282,
12,0.0,38207.21875,-53120.957031,825.597656,16,
12,0.0,81404.140625,-19808.078125,3687.243164,272,
12,0.0,38985.515625,-39514.636719,624.708008,288,
12,0.0,59618.03125,-30510.40625,4285.700684,109,
12,0.0,72209.1875,-1165.90625,3554.943359,191,
12,0.0,73430.460938,-10130.140625,2609.999512,220,
12,0.0,38985.515625,-58842.8125,1577.427246,251,
12,0.0,75211.625,-15971.96875,4899.236328,66,
12,0.0,51296.734375,-63598.71875,1492.40918,140,
12,0.0,63721.769531,-54086.902344,1047.211914,310,
12,0.0,77715.703125,-35853.875,879.179688,202,
12,0.0,91931.125,-8967.320313,1498.535156,340,
12,0.0,68529.96875,-9382.609375,1637.826172,54,
12,0.0,41668.019531,-62645.074219,2347.777832,70,
12,0.0,96327.109375,-64450.84375,6414.999023,45,
12,0.0,79235.375,-12228.15625,3938.452393,289,
12,0.0,17630.078125,-71477.03125,3311.407715,237,
12,0.0,99551.039063,-92146.460938,4861.515137,292,
12,0.0,93995.296875,-56492.542969,2415.258301,316,
12,0.0,94988.929688,-85138.734375,7653.449707,342,
12,0.0,81776.367188,-22342.921875,3427.188965,90,
12,0.0,90531.429688,-90783.679688,6946.681641,112,
12,0.0,56957.058594,-69154.453125,4868.650879,70,
12,0.0,61506.855469,-38453.320313,1279.852051,321,
12,0.0,44925.785156,-22819.742188,5349.774414,169,
12,0.0,87067.546875,-25886.78125,2391.152832,248,
12,0.0,78275.585938,-61408.417969,7078.833496,73,
12,0.0,22825.892578,-78940.054688,6340.712891,72,
12,0.0,14443.067383,-43913.691406,1218.557129,181,
12,0.0,94152.1875,-50303.101563,619.904785,300,
12,0.0,98600.46875,-16608.757813,1758.779297,44,
12,0.0,80102.882813,-62921.9375,7880.894531,175,
12,0.0,46897.671875,-15568.984375,1772.995117,118,
12,0.0,836.744263,-38527.152344,1028.558594,33,
12,0.0,53373.210938,-26729.671875,7186.987305,207,
12,0.0,59811.835938,-3651.53125,1505.263184,238,
12,0.0,42575.515625,-31743.984375,2043.225098,88,
12,0.0,99741.765625,-26938.859375,4347.470215,168,
12,0.0,4697.458008,-80109.039063,2094.669434,229,
12,0.0,8195.171875,-64589.273438,1625.078613,116,
12,0.0,91398.929688,-99437.210938,3227.877441,288,
12,0.0,74559.453125,-14941.421875,4494.36084,225,
12,0.0,49035.675781,-36232.257813,2919.556152,163,
12,0.0,12006.665039,-48383.507813,1854.516602,152,
12,0.0,2217.987549,-99686.390625,6402.870605,71,
12,0.0,47602.136719,-40391.367188,2415.107422,189,
12,0.0,20817.089844,-55037.46875,3140.507813,261,
12,0.0,38914.761719,-63257.253906,2211.470703,171,
12,0.0,5217.34668,-55668.105469,3349.165527,300,
12,0.0,29341.421875,-68428.453125,2423.312988,51,
12,0.0,88977.914063,-70794.101563,6509.387207,25,
12,0.0,66847.257813,-20364.875,3567.66748,22,
12,0.0,23336.552734,-77795.6875,5440.895508,224,
12,0.0,48309.679688,-66582.695313,4615.137695,216,
12,0.0,46657.722656,-58058.363281,520.953125,66,
12,0.0,15464.387695,-69492.84375,3623.687988,88,
12,0.0,77700.320313,-26603.546875,3371.421387,140,
12,0.0,73879.59375,-33829.695313,763.725586,243,
12,0.0,13544.797852,-67281.015625,2972.597656,228,
12,0.0,75303.90625,-48654.21875,896.281738,359,
12,0.0,17614.697266,-44738.132813,2271.987793,291,
12,0.0,60811.621094,-21973.765625,3362.484863,329,
12,0.0,97514.546875,-20607.90625,4484.300781,144,
12,0.0,69751.25,-13741.679688,3594.28418,351,
12,0.0,52416.492188,-18580.640625,3694.02832,252,
12,0.0,38708.652344,-59885.664063,1789.288574,76,
12,0.0,84240.460938,-66668.828125,7380.383789,144,
12,0.0,922.8797,-55455.839844,2033.661621,89,
12,0.0,95305.789063,-89227.085938,5350.084473,103,
12,0.0,81250.335938,-99197.265625,7047.546875,243,
12,0.0,80632.007813,-21887.632813,3833.442871,12,
12,0.0,67093.359375,-62743.515625,5138.520508,40,
12,0.0,48854.175781,-33832.773438,4006.837158,182,
12,0.0,74685.578125,-36878.273438,472.557617,279,
12,0.0,94349.070313,-53431.660156,1485.036133,289,
12,0.0,49617.089844,-70015.8125,6324.702148,145,
12,0.0,70172.695313,-26185.171875,3215.215332,335,
12,0.0,40283.699219,-29190.6875,795.490234,270,
12,0.0,9265.711914,-67684.0,1789.431641,157,
12,0.0,96687.03125,-69142.148438,7578.475586,180,
12,0.0,6530.912109,-56400.257813,4364.619629,285,
12,0.0,54019.222656,-37702.714844,1629.672852,262,
12,0.0,28892.289063,-77085.0625,7081.174316,283,
12,0.0,4116.043457,-82127.070313,2521.408691,187,
12,0.0,8019.824707,-54163.808594,3204.265137,138,
12,0.0,91949.585938,-61343.816406,4734.848633,319,
12,0.0,87885.835938,-14261.5625,3994.581055,149,
12,0.0,69945.054688,-30642.6875,1368.234375,179,
12,0.0,17408.587891,-42289.425781,1709.226563,131,
12,0.0,3174.706299,-49546.339844,1989.898926,145,
12,0.0,41889.511719,-58513.648438,1197.958008,208,
12,0.0,87553.601563,-15968.898438,3486.228516,259,
13,1.0,90620.632813,-1661.179688,1829.762695,227,
13,0.0,6595.513672,-76300.617188,1501.753418,149,
13,2.0,84428.117188,-9994.789063,3371.95752,139,
13,1.0,10080.922852,-84972.609375,4493.692383,320,
13,2.0,16513.394531,-46802.308594,1620.850586,241,
13,0.0,78804.695313,-24228.671875,3904.780762,155,
13,2.0,81994.78125,-33983.507813,937.400391,145,
13,0.0,66065.882813,-63029.609375,5093.080078,203,
13,1.0,70864.859375,-56778.636719,3803.002441,199,
13,1.0,15233.668945,-75094.726563,2181.584473,246,
13,2.0,79235.375,-28304.71875,2797.849121,13,
13,2.0,46051.699219,-59125.828125,884.806641,349,
13,1.0,44172.101563,-67745.523438,4198.212402,103,
13,0.0,85467.890625,-19561.96875,2698.425293,182,
13,1.0,24234.820313,-41098.910156,780.442383,277,
13,2.0,53084.042969,-32768.382813,4257.025879,191,
13,1.0,43021.578125,-42089.46875,1761.026367,160,
13,1.0,22290.621094,-61457.636719,3207.245117,349,
13,2.0,51632.042969,-8518.179688,990.141602,4,
13,2.0,2996.282959,-41151.207031,1314.383789,212,
13,2.0,89540.867188,-20912.453125,3592.515625,348,
14,0.0,69403.632813,-52453.40625,1201.223145,193,
14,1.0,47900.535156,-31125.65625,5761.856445,261,
14,1.0,28572.355469,-53665.457031,1988.063965,20,
14,1.0,5121.982422,-46128.601563,2074.611816,282,
14,1.0,366.075623,-93576.929688,4776.585449,92,
14,1.0,29510.617188,-49257.167969,2337.663574,266,
14,0.0,59947.1875,-34558.773438,2923.535156,177,
14,0.0,23355.009766,-63395.683594,3872.20166,229,
14,1.0,90448.359375,-8352.0625,2248.696777,66,
14,1.0,45756.378906,-37004.402344,2641.232422,221,
14,0.0,16725.65625,-63288.015625,4341.147461,309,
14,0.0,3685.366455,-95419.609375,5830.072266,190,
14,0.0,6607.818359,-62900.40625,1774.461426,210,
14,0.0,15885.836914,-77451.140625,2327.452148,69,
14,1.0,53840.800781,-14636.867188,2975.337891,228,
14,0.0,60900.832031,-60304.039063,2020.178223,70,
14,0.0,24010.253906,-44618.160156,1380.153809,9,
14,0.0,78924.671875,-24268.65625,3839.79541,14,
14,0.0,46254.730469,-25308.4375,6436.010742,108,
14,0.0,51413.628906,-32713.007813,4860.266113,321,
14,1.0,8059.816406,-73092.078125,1211.937988,336,
14,1.0,21500.021484,-75500.789063,2576.658691,273,
15,0.0,61845.246094,-62042.125,2746.026367,92,
15,0.0,12169.707031,-80798.125,2681.854492,244,
15,0.0,90712.929688,-83452.9375,7745.122559,80,
15,0.0,1396.624634,-98591.242188,6101.013672,178,
15,0.0,86498.4375,-82720.789063,7898.005371,341,
15,0.0,3876.094727,-84157.40625,3599.729004,356,
15,0.0,48171.246094,-22770.523438,6776.614258,140,
15,0.0,46122.453125,-11529.84375,1043.528809,250,
15,0.0,26963.46875,-38877.84375,879.867676,213,
15,0.0,25668.361328,-64373.9375,3293.313477,231,
15,0.0,73122.835938,-49558.644531,936.525391,260,
15,0.0,11157.615234,-65872.078125,2064.469727,73,
15,0.0,60793.164063,-5617.265625,1600.99707,234,
15,0.0,92109.546875,-68674.5625,6852.378418,276,
15,0.0,99609.484375,-59467.292969,3212.749023,212,
15,0.0,69203.679688,-63743.304688,6198.689453,61,
15,0.0,87716.640625,-48189.703125,945.251953,347,
15,0.0,26677.376953,-44261.3125,1174.820801,84,
15,0.0,25582.226563,-51029.09375,1771.214355,116,
15,0.0,90377.609375,-1052.078125,1938.04248,66,
15,0.0,59181.203125,-59719.546875,1655.928711,220,
15,0.0,88184.234375,-18226.875,2848.516602,290,
15,0.0,4866.652832,-62171.332031,1931.276367,99,
15,0.0,17300.919922,-57141.636719,3813.206543,39,
16,1.0,4925.101563,-49678.613281,2098.894043,224,
16,1.0,20973.980469,-79678.359375,4720.727051,89,
16,2.0,28556.974609,-47276.050781,1322.32959,299,
16,3.0,51958.128906,-30956.460938,6001.648438,41,
16,3.0,28963.041016,-43664.515625,2120.935059,334,
16,2.0,63884.808594,-40009.910156,550.181152,83,
16,1.0,89463.960938,-5595.726563,1768.124023,82,
16,3.0,92915.53125,-61546.847656,4841.457031,229,
16,3.0,52893.316406,-38782.484375,1354.527344,105,
16,0.0,35007.90625,-50669.175781,1049.186035,69,
16,1.0,36825.976563,-56387.953125,1572.049316,225,
16,3.0,71815.421875,-2171.84375,3360.178223,245,
16,2.0,83120.703125,-96837.773438,5720.96875,213,
16,1.0,62448.195313,-55098.996094,992.86084,85,
16,1.0,35909.25,-73433.539063,4005.050049,111,
16,3.0,28963.041016,-53419.355469,1938.418457,64,
16,2.0,91042.085938,-95182.742188,5145.536133,63,
16,1.0,12092.800781,-80201.328125,2273.534668,166,
16,0.0,75953.0,-57741.507813,5262.261719,360,
16,2.0,1236.658813,-93841.484375,4857.206543,202,
16,3.0,21761.503906,-58959.710938,3059.34082,145,
16,0.0,97812.945313,-55631.191406,2246.929688,116,
16,1.0,75276.21875,-27794.0625,2755.644043,347,
16,1.0,1624.268311,-52791.796875,2169.03418,145,
16,3.0,88744.117188,-28240.117188,1811.208008,320,
16,2.0,41172.738281,-35552.40625,1563.606445,330,
16,3.0,91192.820313,-95330.398438,5059.660156,261,
16,3.0,54754.453125,-27049.601563,6364.484375,51,
16,2.0,72209.1875,-679.851563,3863.626953,349,
17,0.0,76940.484375,-31162.570313,1378.249023,67,
17,0.0,56320.273438,-8250.546875,1266.751953,139,
17,0.0,10391.625977,-44116.726563,1298.900879,217,
17,0.0,8942.704102,-61851.398438,2214.683105,16,
17,0.0,84228.15625,-332.242188,1869.239746,49,
17,0.0,2584.063232,-69492.84375,584.556641,338,
17,0.0,735.227539,-40203.714844,1284.952148,307,
17,0.0,42563.210938,-24699.335938,3819.480957,189,
17,0.0,20044.947266,-72913.65625,2723.600586,330,
17,0.0,67081.054688,-20460.242188,3648.971191,319,
17,0.0,80275.15625,-49503.265625,1614.543945,3,
17,0.0,1085.921753,-47565.222656,1822.680664,114,
17,0.0,93287.757813,-74519.460938,7903.311035,117,
17,0.0,81884.039063,-34758.726563,888.551758,141,
17,0.0,10333.176758,-39336.210938,631.458496,107,
17,0.0,79459.945313,-37619.652344,650.470215,119,
17,0.0,88039.648438,-73793.46875,6262.175781,200,
17,0.0,19051.314453,-55578.894531,4238.146973,180,
17,0.0,92121.851563,-26563.554688,2746.384766,234,
17,0.0,21576.927734,-39243.921875,1741.071289,299,
17,0.0,86209.273438,-94081.4375,6603.760742,357,
17,0.0,26714.291016,-70649.515625,2450.272461,9,
17,0.0,63398.761719,-27166.5,2785.592285,263,
17,0.0,31208.716797,-50201.582031,2333.121582,182,
17,0.0,100406.234375,-18245.335938,2300.162598,229,
17,0.0,44356.675781,-18153.046875,1864.068359,301,
17,0.0,58670.539063,-60731.636719,1544.248535,141,
17,0.0,264.558868,-38401.023438,1053.137207,254,
17,0.0,18362.230469,-47469.855469,1943.335449,8,
18,0.0,42372.484375,-10360.867188,582.102539,196,
18,0.0,75353.132813,-7586.070313,2279.619629,180,
18,0.0,52751.804688,-30934.929688,5594.058594,18,
18,0.0,73119.757813,-56511.0,3717.541992,109,
18,0.0,67111.8125,-10899.210938,2659.038086,209,
18,0.0,85784.75,-64530.828125,6820.477539,348,
18,0.0,4552.873535,-41523.4375,1462.052734,337,
18,0.0,80696.601563,-55077.464844,4147.443848,317,
18,0.0,10468.532227,-49457.125,2138.687012,108,
18,0.0,13883.1875,-81151.890625,3769.11377,68,
18,0.0,98932.703125,-89700.835938,5190.783203,39,
18,0.0,22139.884766,-66367.359375,5521.484375,264,
18,0.0,88944.070313,-10351.640625,3439.664551,90,
18,0.0,25985.216797,-57704.59375,2624.402344,103,
18,0.0,62374.367188,-38308.738281,1335.311035,76,
18,0.0,36087.675781,-59396.539063,2113.097168,143,
18,0.0,87165.992188,-63989.402344,6588.578125,267,
18,0.0,15965.818359,-42077.164063,1717.758789,5,
18,0.0,23462.679688,-50592.265625,2105.544922,263,
18,0.0,64340.097656,-20081.859375,3171.497559,107,
18,0.0,20838.623047,-44150.566406,1782.71875,109,
18,0.0,9118.051758,-76285.234375,1528.473145,38,
18,0.0,43984.449219,-20266.4375,2654.294434,58,
18,0.0,47943.601563,-47183.765625,1500.874512,25,
18,0.0,31380.988281,-14476.90625,525.305664,330,
18,0.0,90454.515625,-58396.753906,4609.709473,137,
18,0.0,63761.761719,-21057.039063,3215.01123,32,
18,0.0,41929.503906,-33558.976563,2011.657715,280,
19,0.0,65884.382813,-58301.386719,2911.375488,8,
19,0.0,86123.132813,-27787.90625,2036.946289,252,
19,0.0,42252.507813,-5251.1875,524.196777,165,
19,0.0,44338.21875,-22029.140625,3945.526123,253,
19,0.0,69991.203125,-5161.96875,2457.771973,133,
19,0.0,65099.9375,-54080.75,1340.531738,23,
19,0.0,70375.726563,-20026.492188,5389.613281,106,
19,0.0,84271.226563,-21309.289063,2952.510254,51,
19,0.0,5691.091309,-60140.996094,3451.936523,240,
19,0.0,98874.257813,-28046.3125,3446.552246,31,
19,0.0,8090.579102,-39656.140625,994.741211,204,
19,0.0,17602.392578,-47374.496094,1837.140625,140,
19,0.0,79539.929688,-30116.640625,2009.137207,19,
19,0.0,18749.839844,-54188.417969,2943.615723,321,
19,0.0,35641.613281,-60494.765625,2178.437988,6,
19,0.0,41997.179688,-19211.28125,1200.626465,12,
19,0.0,166.118347,-41409.609375,1417.481445,8,
19,0.0,6813.928711,-48586.542969,2097.726074,284,
19,0.0,4279.085938,-77441.914063,1430.871582,70,
19,0.0,73365.867188,-17830.039063,5366.837891,290,
19,0.0,38407.175781,-13557.101563,975.762695,184,
19,0.0,20404.871094,-65136.851563,6337.173828,291,
19,0.0,30347.361328,-66385.8125,2531.893555,52,
19,0.0,35020.210938,-50976.800781,1088.394531,203,
19,0.0,37487.375,-56864.773438,1563.123047,208,
20,1.0,26329.757813,-53893.101563,1974.150879,255,
20,0.0,3857.637451,-54499.125,2411.590332,256,
20,0.0,93343.132813,-14621.492188,3469.76709,52,
20,1.0,23078.146484,-72402.992188,2767.780273,351,
20,1.0,19094.380859,-82197.820313,6647.608887,330,
20,0.0,39570.007813,-11046.867188,940.299316,3,
20,0.0,35017.132813,-53410.128906,1211.290039,271,
20,0.0,69622.046875,-54105.363281,1722.364746,243,
20,1.0,80392.054688,-30854.945313,1646.649414,84,
20,1.0,39733.050781,-15310.578125,507.259766,109,
20,0.0,52644.132813,-9431.828125,1455.864258,25,
20,1.0,55951.121094,-25065.414063,6018.671875,136,
20,1.0,72163.046875,-9179.578125,2468.092285,204,
20,0.0,94795.125,-57255.460938,2618.224609,141,
20,1.0,15442.854492,-81074.984375,4376.724121,284,
20,0.0,16473.404297,-66979.53125,5244.673828,56,
20,1.0,69908.140625,-3626.914063,3074.765625,155,
20,1.0,10899.209961,-41357.316406,896.57373,167,
20,0.0,85160.265625,-12102.023438,3911.174316,35,
20,1.0,73685.789063,-689.085938,3214.103516,154,
20,1.0,47568.296875,-48349.671875,571.73877,177,
20,1.0,12123.563477,-69517.453125,2561.705566,343,
21,0.0,65841.3125,-56098.78125,2408.124023,323,
21,0.0,159.96582,-80145.953125,1397.481445,10,
21,0.0,90380.6875,-71187.867188,6699.485352,126,
21,0.0,35337.066406,-49530.957031,1033.408203,209,
21,0.0,42723.179688,-17703.90625,1050.331543,328,
21,0.0,54917.496094,-10499.296875,1524.816895,235,
21,0.0,24342.492188,-71953.859375,2735.038086,44,
21,0.0,19217.431641,-47479.085938,2026.908691,47,
21,0.0,85418.671875,-18211.5,2926.824707,97,
21,0.0,28492.373047,-57030.890625,2546.526367,260,
21,0.0,55665.03125,-26981.929688,6060.15625,68,
21,0.0,66327.367188,-55274.34375,2223.320801,48,
21,0.0,56615.597656,-19355.859375,3595.34668,318,
21,0.0,75679.210938,-51684.339844,1738.397949,328,
21,0.0,28584.660156,-75676.140625,3351.588867,79,
21,0.0,67093.359375,-8524.328125,1483.956055,38,
21,0.0,84191.242188,-22945.867188,2806.993652,353,
21,0.0,79389.1875,-36915.191406,775.332031,253,
21,0.0,89630.078125,-11456.015625,3657.043457,133,
21,0.0,79084.640625,-44645.847656,636.661133,276,
21,0.0,46159.367188,-34777.1875,2779.001465,255,
21,0.0,538.346497,-93087.804688,4623.00293,313,
21,0.0,89614.695313,-27554.109375,2097.914063,60,
21,0.0,6447.853027,-65315.277344,1311.346191,7,
21,0.0,82028.625,-34343.429688,909.666016,51,
21,0.0,93899.9375,-60860.839844,4157.370117,146,
22,0.0,43061.566406,-25511.476563,5103.529297,234,
22,0.0,33632.816406,-50890.664063,1234.306152,29,
22,0.0,84944.921875,-1670.40625,1769.765625,299,
22,0.0,47337.578125,-43590.683594,2696.148926,291,
22,0.0,38637.894531,-4512.882813,861.384766,232,
22,0.0,56126.46875,-19248.195313,3705.126953,281,
22,0.0,84972.617188,-17722.367188,3229.119629,192,
22,0.0,81170.34375,-33183.679688,1031.347656,22,
22,0.0,98954.242188,-34555.695313,474.476074,82,
22,0.0,97677.585938,-31368.679688,1048.326172,264,
22,0.0,64629.265625,-68360.773438,6327.000977,276,
22,0.0,72667.546875,-4998.929688,2419.284668,207,
22,0.0,59774.921875,-65149.15625,2768.555664,184,
22,0.0,90534.5,-25422.257813,2662.463379,203,
22,0.0,45291.859375,-21281.609375,4533.182129,27,
22,0.0,12498.868164,-80450.5,2430.441406,326,
22,0.0,68972.953125,-830.59375,4047.633301,242,
22,0.0,88365.734375,-74627.132813,6098.415039,284,
22,0.0,77644.945313,-12428.109375,3962.57666,326,
22,0.0,48337.363281,-13332.539063,2007.935547,123,
22,0.0,55594.273438,-63208.03125,2461.628906,302,
22,0.0,88661.054688,-97443.796875,4950.296875,0,
22,0.0,81982.476563,-25028.5,2705.343262,185,
22,0.0,87870.453125,-67296.390625,6245.65625,13,
22,0.0,6174.06543,-73424.3125,1077.763184,155,
22,0.0,97428.414063,-59067.378906,3276.169922,161,
22,0.0,40769.75,-32996.03125,676.736816,256,
22,0.0,7718.351074,-67868.578125,1289.980469,255,
23,1.0,45208.800781,-45088.828125,1981.637695,177,
23,1.0,100609.273438,-26123.648438,4887.879395,25,
23,0.0,50115.445313,-23594.960938,7654.166016,124,
23,1.0,98185.179688,-28636.953125,3092.529297,198,
23,0.0,3771.501709,-95588.804688,5900.366211,205,
23,0.0,81434.90625,-15919.679688,4459.362305,205,
23,1.0,69003.710938,-65093.78125,7475.770996,150,
23,1.0,40951.25,-40474.429688,2646.325684,224,
23,1.0,67908.570313,-23927.195313,3379.215332,35,
23,1.0,75279.296875,-55637.34375,3459.802734,232,
23,1.0,13935.483398,-85295.625,6742.884277,64,
23,0.0,50958.34375,-8736.59375,1094.986816,320,
23,1.0,54157.65625,-13960.09375,2738.54834,325,
23,1.0,71772.359375,-18233.03125,5339.366211,169,
23,0.0,33159.070313,-44590.46875,590.036133,274,
23,1.0,52681.054688,-2845.546875,1278.277344,302,
23,0.0,85713.992188,-73661.179688,7203.193848,76,
23,0.0,98535.867188,-95982.570313,4152.85498,312,
23,1.0,10702.329102,-62765.050781,2193.40625,11,
23,0.0,9367.229492,-41185.042969,1017.947266,338,
23,0.0,88685.664063,-70917.15625,6463.798828,286,
23,1.0,7010.80957,-67330.234375,1118.265137,118,
23,1.0,48694.210938,-34875.625,3317.749512,162,
23,1.0,88897.929688,-21503.09375,3322.435059,2,
23,0.0,31599.402344,-68726.851563,2347.717773,182,
23,1.0,93207.773438,-93306.21875,5235.226563,108,
23,1.0,53108.652344,-3633.070313,1154.659668,55,
23,0.0,31104.123047,-52877.929688,2121.244141,151,
23,1.0,97594.53125,-69449.78125,7395.961914,103,
23,1.0,1276.650269,-52364.195313,2029.225098,57,
23,1.0,61365.351563,-19700.40625,2789.365234,152,
23,0.0,66736.507813,-6051.015625,1803.599121,174,
23,0.0,39376.203125,-23441.148438,897.156738,86,
23,0.0,69843.539063,-19598.890625,5096.473145,12,
23,1.0,99412.601563,-53271.695313,778.910156,218,
23,1.0,24179.449219,-70892.546875,2987.880371,47,
23,0.0,51250.585938,-8533.5625,1038.378418,195,
23,0.0,65475.242188,-57181.628906,2350.501465,357,
23,0.0,6823.157227,-77029.695313,1645.615234,323,
23,0.0,91463.539063,-2101.09375,1214.482422,196,
23,1.0,55711.171875,-64220.121094,2764.387695,138,
23,0.0,35192.480469,-62506.644531,2018.114258,335,
23,0.0,21573.851563,-39683.832031,2099.105957,327,
23,0.0,98179.023438,-31528.648438,1023.082031,36,
23,1.0,3943.772461,-57799.957031,4336.739746,37,
23,1.0,56778.632813,-8019.828125,1235.289551,232,
23,1.0,96139.453125,-19220.507813,4196.429688,13,
23,0.0,61940.613281,-28950.734375,3920.022217,256,
23,0.0,69511.296875,-19783.460938,4889.42334,292,
23,1.0,2488.698975,-39711.515625,1058.337891,30,
24,1.0,33802.007813,-45202.652344,628.387695,357,
24,0.0,26234.392578,-45082.675781,1254.880859,58,
24,0.0,48386.585938,-46743.855469,1606.12793,339,
24,0.0,40228.328125,-24004.101563,1572.785645,227,
24,1.0,75442.34375,-57418.5,5156.90332,346,
24,1.0,24997.736328,-56547.914063,2486.103516,269,
24,1.0,94232.171875,-98486.648438,3832.003418,264,
24,1.0,83615.984375,-61066.949219,7199.71875,79,
24,1.0,79447.640625,-22450.585938,4050.087891,12,
24,0.0,93167.78125,-98055.96875,3846.426758,223,
24,0.0,97320.742188,-30085.882813,1844.772949,73,
24,0.0,23318.095703,-67887.03125,3691.016113,79,
24,1.0,9121.12793,-42886.222656,1354.280762,111,
24,1.0,87698.179688,-23997.953125,2755.279297,198,
24,1.0,73867.289063,-13667.84375,3913.677734,78,
24,0.0,65204.527344,-19697.328125,3117.286621,110,
24,1.0,11732.87793,-59350.394531,2552.842285,82,
24,1.0,70268.0625,-24462.460938,3769.068848,158,
24,0.0,92380.257813,-4106.8125,474.597656,111,
24,1.0,41218.886719,-66948.765625,3108.670898,115,
24,0.0,50859.898438,-18359.15625,3814.850098,156,
24,0.0,93878.40625,-19158.984375,4551.466797,288,
24,0.0,56292.585938,-64361.632813,2266.465332,58,
24,1.0,57667.679688,-57064.730469,746.25293,26,
24,1.0,86095.445313,-6764.703125,2155.747559,241,
24,1.0,69843.539063,-36382.996094,609.458984,38,
24,1.0,6943.131836,-69237.515625,1005.061035,306,
24,0.0,28384.703125,-62912.710938,2919.023438,117,
24,1.0,27477.205078,-73731.9375,2378.34082,80,
24,0.0,63740.226563,-37065.925781,1520.977539,264,
24,1.0,89620.851563,-66235.078125,6029.993164,193,
24,0.0,52053.492188,-22524.414063,6699.615234,266,
24,0.0,25019.269531,-76617.476563,3701.105957,28,
24,0.0,45716.382813,-16802.5625,1865.804199,281,
24,0.0,48377.355469,-30802.648438,6099.147461,142,
24,0.0,1510.446533,-65050.714844,813.807129,14,
24,1.0,58239.863281,-61476.097656,1424.413086,33,
24,0.0,82333.171875,-35014.054688,834.947754,37,
24,0.0,14701.474609,-51693.570313,2280.055664,280,
24,0.0,75506.945313,-15928.90625,4911.660156,96,
24,1.0,49014.140625,-32543.8125,5088.645508,208,
24,1.0,33974.277344,-57012.433594,1840.414063,240,
24,0.0,76251.398438,-53403.976563,2551.333496,30,
24,0.0,2316.427979,-61051.570313,1801.307617,73,
24,1.0,93229.3125,-65069.171875,5715.427734,197,
24,1.0,40240.632813,-62300.535156,2217.33252,322,
24,1.0,90279.171875,-24828.539063,2726.18457,178,
24,0.0,71350.90625,-24982.351563,3675.059082,22,
24,1.0,85467.890625,-267.632813,1961.063477,335,
24,0.0,75328.523438,-61700.664063,7574.253906,14,
25,0.0,8370.518555,-69520.53125,1300.465332,248,
25,1.0,43892.160156,-45116.511719,1740.079102,291,
25,0.0,84717.28125,-79438.40625,6801.166016,173,
25,0.0,7056.953613,-38711.730469,843.935547,107,
25,0.0,20524.845703,-38850.160156,1091.663086,339,
25,1.0,52493.402344,-32128.515625,4900.028809,126,
25,1.0,72753.6875,-32986.796875,718.543945,211,
25,0.0,62254.390625,-7792.1875,1876.424316,222,
25,0.0,91777.3125,-81367.226563,7730.209473,80,
25,0.0,96877.757813,-92967.828125,4697.314941,302,
25,0.0,63500.28125,-38610.210938,1062.053711,298,
25,1.0,3983.76416,-77023.546875,1302.305664,72,
25,1.0,54434.519531,-35090.960938,2731.770508,2,
25,1.0,55329.714844,-17537.789063,3505.519531,79,
25,1.0,84031.273438,-26255.929688,2331.760254,197,
25,1.0,92887.84375,-21220.085938,4870.413574,128,
25,1.0,17703.910156,-72722.921875,3228.274902,185,
25,1.0,63038.835938,-61454.558594,2619.950684,346,
25,0.0,30990.300781,-74461.015625,2977.347168,348,
25,0.0,41225.039063,-23084.296875,2128.470703,18,
25,0.0,72993.632813,-4156.03125,2664.583496,49,
25,0.0,72255.328125,-50472.292969,1052.486328,96,
25,0.0,56972.441406,-20189.53125,3764.594238,261,
25,1.0,52148.859375,-15947.359375,3032.993652,135,
25,1.0,85172.570313,-78746.25,6427.509766,231,
25,0.0,26148.259766,-42889.296875,953.695313,357,
25,1.0,84068.1875,-79201.539063,7208.084473,90,
25,0.0,79638.367188,-56237.214844,4387.04248,243,
25,0.0,46790.0,-33592.828125,3526.794434,218,
25,1.0,64186.285156,-19168.210938,3157.63916,333,
25,1.0,58978.167969,-18851.359375,3068.172363,136,
25,0.0,33211.363281,-78306.34375,7683.248535,3,
25,0.0,86683.015625,-69446.703125,6975.461914,281,
25,1.0,80302.84375,-15710.492188,4803.765625,50,
25,1.0,20263.363281,-53087.117188,2289.505859,310,
25,1.0,65610.59375,-20890.921875,3193.11084,242,
25,1.0,70994.0625,-24926.984375,3652.522949,207,
25,0.0,87129.078125,-28138.601563,1882.336426,250,
25,1.0,22379.833984,-71498.570313,3093.376465,162,
25,1.0,85409.445313,-75208.546875,7008.036621,341,
25,0.0,85101.8125,-59498.054688,6077.958984,191,
25,1.0,51548.984375,-46777.699219,532.512695,39,
25,1.0,16091.946289,-61543.773438,2998.339355,37,
25,1.0,59833.371094,-54514.507813,651.521973,335,
25,0.0,75017.820313,-14827.601563,4507.959961,142,
25,1.0,43166.160156,-32491.515625,2334.723633,0,
25,0.0,33602.050781,-71956.929688,2486.916016,63,
25,0.0,59965.652344,-12895.710938,1600.356934,238,
25,0.0,75873.015625,-24886.984375,4568.17041,286,
25,0.0,49592.480469,-24044.09375,7501.098145,346,
25,1.0,88845.632813,-96265.585938,5490.018555,55,
25,1.0,25505.318359,-72390.6875,2506.867676,295,
25,0.0,68394.617188,-12431.1875,3649.869141,138,
25,0.0,4125.272461,-63491.050781,1415.878418,55,
25,0.0,49161.800781,-26578.9375,7172.373535,186,
26,0.0,17168.638672,-76657.46875,2152.365723,343,
26,0.0,65290.667969,-16230.375,3598.29541,304,
26,0.0,87575.132813,-71944.625,6592.975586,10,
26,1.0,63008.074219,-8567.40625,1845.252441,259,
26,0.0,39856.097656,-59602.652344,1587.417969,179,
26,1.0,51238.28125,-22801.28125,7290.468262,169,
26,0.0,5143.516113,-44187.480469,2023.369141,264,
26,0.0,44322.835938,-62537.40625,2098.553711,130,
26,0.0,36675.242188,-65103.011719,2012.796387,25,
26,1.0,83468.320313,-56649.433594,5793.539063,0,
26,0.0,42006.410156,-57839.949219,1052.663086,355,
26,0.0,5103.524902,-80219.78125,2166.875977,242,
26,1.0,81302.625,-9896.34375,3104.897461,331,
26,0.0,53813.113281,-61017.730469,768.260254,201,
26,0.0,26975.773438,-55129.757813,2163.729492,55,
26,0.0,8545.866211,-90952.875,6562.305664,89,
26,1.0,10240.888672,-66484.25,1880.964355,209,
26,1.0,73162.828125,-47746.722656,570.741699,335,
26,0.0,95933.34375,-53050.203125,1186.890625,157,
26,1.0,26600.46875,-73618.117188,2253.812012,138,
26,1.0,77066.609375,-59482.675781,6161.750977,238,
26,0.0,66118.179688,-51708.949219,907.134766,110,
26,1.0,84631.148438,-36702.925781,561.488281,175,
26,1.0,72418.375,-14916.8125,4535.71875,249,
26,0.0,98738.90625,-69908.140625,7119.441406,19,
27,0.0,52613.371094,-40997.390625,984.286133,228,
27,1.0,28449.306641,-54157.65625,2070.627441,295,
27,1.0,81868.664063,-31802.4375,1265.83252,178,
27,1.0,71593.9375,-12634.21875,3708.792969,256,
27,0.0,12960.307617,-83760.5625,4570.831543,91,
27,0.0,48706.515625,-68536.125,6207.679688,19,
27,0.0,25911.386719,-71880.023438,2550.56543,246,
27,0.0,45768.683594,-67637.859375,4985.75293,55,
27,1.0,73218.203125,-58507.496094,5576.024414,66,
27,1.0,46091.6875,-59584.191406,1000.709961,355,
27,0.0,72532.195313,-11597.523438,2879.820313,21,
27,1.0,48675.75,-43824.484375,2105.339355,330,
27,0.0,94059.90625,-52010.425781,1239.646484,191,
27,0.0,11037.641602,-84492.71875,4389.614746,213,
27,0.0,54646.789063,-36706.0,2057.042969,215,
27,1.0,63315.703125,-18645.25,2976.14502,163,
27,0.0,87135.226563,-67659.390625,6814.690918,346,
27,0.0,93407.734375,-27255.710938,2963.515137,311,
27,0.0,45550.269531,-12784.960938,901.504883,243,
27,1.0,93644.609375,-53690.066406,1553.90332,89,
27,1.0,12640.375977,-67585.5625,2275.691406,97,
27,1.0,28633.882813,-58399.828125,2584.734863,104,
27,0.0,3623.84082,-86704.546875,4576.757813,135,
27,1.0,36284.554688,-62629.695313,1974.924805,52,
27,1.0,84031.273438,-22232.171875,2919.395996,228,
27,1.0,16756.417969,-83452.9375,6249.381836,71,
28,1.0,18088.443359,-73750.390625,2762.411133,108,
28,1.0,91192.820313,-56200.300781,2816.395996,286,
28,1.0,35577.011719,-53671.609375,1249.665039,299,
28,0.0,63404.914063,-23355.015625,3185.492676,150,
28,1.0,8376.670898,-47537.53125,2018.874512,177,
28,0.0,615.253174,-76771.289063,876.823242,278,
28,0.0,12585.00293,-40437.511719,763.972168,274,
28,0.0,86818.375,-66296.609375,6250.204102,188,
28,1.0,58338.300781,-60304.039063,1571.101563,358,
28,1.0,11246.827148,-63244.945313,2285.427734,112,
28,0.0,51450.542969,-16731.8125,3142.661621,17,
28,0.0,86673.789063,-30233.539063,1136.53125,198,
28,1.0,100203.203125,-62500.492188,4939.573242,157,
28,0.0,34051.1875,-74522.539063,3437.416504,50,
28,0.0,716.769897,-52493.398438,1864.812988,104,
28,0.0,3088.570801,-78297.117188,1426.937012,2,
28,0.0,15304.421875,-55372.785156,3577.769043,126,
28,0.0,63407.988281,-40111.429688,643.411133,347,
28,1.0,5531.125977,-61700.664063,2117.015625,156,
28,1.0,66096.648438,-18386.835938,3415.37793,314,
28,0.0,13483.272461,-58682.84375,2564.228027,107,
28,0.0,97680.664063,-96179.445313,4137.582031,270,
28,0.0,93779.960938,-52238.070313,1323.93457,44,
29,1.0,92078.789063,-64567.742188,5727.905273,40,
29,1.0,72630.632813,-30578.078125,1346.825195,346,
29,0.0,46682.332031,-66041.273438,3778.833496,109,
29,0.0,48592.695313,-70228.070313,6080.947266,209,
29,0.0,1698.098755,-36952.105469,648.96875,275,
29,1.0,100606.195313,-24653.195313,5172.464844,59,
29,0.0,68939.117188,-13218.710938,3615.190918,245,
29,0.0,71083.273438,-21407.734375,5259.463867,316,
29,0.0,94130.65625,-55935.738281,2177.366699,290,
29,0.0,68019.3125,-58350.609375,4590.794922,268,
29,0.0,31039.519531,-57203.160156,2409.244629,26,
29,1.0,34109.632813,-11169.921875,808.635742,104,
29,0.0,96462.46875,-25665.28125,4788.798828,33,
29,1.0,91478.914063,-81604.101563,7681.494141,349,
29,1.0,98741.984375,-33509.757813,596.867676,230,
29,1.0,75786.882813,-11311.429688,3141.724121,28,
29,1.0,16504.166016,-53766.972656,2868.070801,22,
29,0.0,29584.449219,-65644.4375,2675.352051,3,
29,1.0,75691.515625,-61919.078125,7592.852539,161,
29,0.0,2270.28418,-86252.335938,4253.455566,2,
29,1.0,69440.546875,-51893.527344,1108.883789,68,
29,1.0,59636.488281,-5780.304688,1779.993164,164,
29,1.0,10283.956055,-73322.796875,1478.648926,288,
29,1.0,90636.015625,-29233.75,1652.65918,71,
29,0.0,61629.90625,-60537.832031,2391.543945,227,
30,1.0,3346.977051,-50779.917969,2241.755859,17,
30,1.0,92198.757813,-84058.960938,7767.631836,356,
30,1.0,85147.953125,-68745.3125,7623.718262,75,
30,0.0,71846.1875,-34980.21875,817.669922,158,
30,1.0,98265.15625,-98172.867188,3895.522461,328,
30,0.0,72279.9375,-19528.132813,5779.202148,249,
30,1.0,80570.476563,-28849.226563,2538.036133,19,
30,1.0,10345.481445,-43439.949219,1224.364258,67,
30,1.0,100101.6875,-93137.023438,4871.261719,13,
30,0.0,85464.8125,-71852.34375,7502.440918,0,
30,1.0,36103.054688,-71194.015625,2633.279297,231,
30,0.0,80927.320313,-48995.683594,1551.898438,340,
30,1.0,3411.578613,-94665.929688,5656.621094,178,
30,1.0,18020.763672,-54446.828125,3102.816406,344,
30,0.0,22247.554688,-70000.429688,3565.150879,113,
30,1.0,40874.34375,-26517.414063,2237.587402,239,
30,1.0,70944.835938,-22681.304688,4764.421387,192,
30,0.0,52182.695313,-13569.40625,2608.240234,349,
30,1.0,80955.007813,-24404.015625,3044.21875,220,
30,0.0,26077.505859,-69212.90625,2567.355469,133,
30,1.0,58630.550781,-27772.523438,4918.878418,72,
30,0.0,78780.085938,-25123.867188,3660.908691,308,
30,0.0,99378.765625,-69575.90625,6715.124023,247,
31,1.0,6257.124512,-52065.796875,2617.810059,242,
31,0.0,36413.757813,-68486.90625,2233.851074,177,
31,0.0,33897.371094,-73107.453125,2784.316406,353,
31,0.0,9216.492188,-46771.546875,1869.581055,11,
31,1.0,84203.546875,-96683.953125,5318.945313,1,
31,0.0,20318.736328,-71255.546875,3302.052246,243,
31,0.0,27787.908203,-71412.429688,2311.503906,263,
31,0.0,51721.257813,-11148.390625,2267.316895,316,
31,1.0,78546.296875,-27338.773438,3080.646484,212,
31,0.0,62051.355469,-1153.601563,4072.236816,139,
31,1.0,9933.262695,-74002.648438,1460.791016,15,
31,1.0,8918.09375,-62029.820313,2151.838379,164,
31,1.0,22090.664063,-72759.835938,2488.702637,216,
31,1.0,72433.757813,-54859.046875,2417.020508,280,
31,1.0,4460.584961,-57003.203125,4142.683594,61,
31,1.0,72366.078125,-30405.804688,1464.949219,274,
31,1.0,11843.623047,-65398.332031,2163.552246,296,
31,1.0,87882.757813,-53210.171875,2275.594238,74,
31,0.0,13280.239258,-45710.230469,1418.71582,127,
31,0.0,43276.90625,-7829.101563,534.169922,11,
31,1.0,41354.238281,-9647.171875,543.313477,274,
31,0.0,14836.829102,-71437.046875,3594.10498,12,
31,0.0,61703.734375,-36026.148438,1902.468262,90,
31,1.0,48158.941406,-18888.273438,3407.64209,14,
31,0.0,84354.28125,-18703.695313,3096.699707,353,
31,0.0,19857.294922,-48780.347656,2102.328613,86,
31,1.0,39739.203125,-71855.414063,6836.42041,210,
31,1.0,37834.992188,-64521.597656,2134.502441,213,
31,1.0,98486.648438,-88968.679688,5363.912109,338,
31,0.0,52333.433594,-6223.289063,1084.45752,350,
31,0.0,4439.051758,-56212.605469,3292.313965,47,
31,0.0,63161.890625,-54911.34375,1068.977051,217,
31,0.0,29928.990234,-40745.140625,1285.52832,249,
31,0.0,99504.890625,-53603.933594,938.59375,115,
31,1.0,88384.195313,-14599.953125,3959.893066,28,
31,1.0,15676.649414,-49580.175781,2051.373535,278,
31,0.0,60556.292969,-20866.3125,3322.847656,207,
31,0.0,50201.582031,-59962.570313,481.305664,307,
31,0.0,66868.789063,-23336.554688,3082.041504,154,
31,0.0,43301.515625,-29319.890625,4139.312988,239,
31,0.0,92466.398438,-62325.144531,4989.410156,138,
31,1.0,16934.84375,-48060.5,1881.411621,233,
32,1.0,86519.96875,-1085.921875,1981.777344,15,
32,1.0,4162.1875,-97376.117188,6647.338379,178,
32,0.0,77432.679688,-28027.851563,2754.999512,285,
32,1.0,31128.732422,-48891.089844,2594.435547,52,
32,1.0,20497.158203,-78404.78125,4129.553223,352,
32,0.0,50232.34375,-22779.75,7578.479004,212,
32,1.0,19318.947266,-75303.90625,2115.007813,335,
32,0.0,42907.753906,-14270.796875,1043.053711,83,
32,1.0,98388.210938,-16562.617188,1859.123535,64,
32,1.0,66764.195313,-8573.554688,1467.953125,119,
32,1.0,55277.421875,-40942.019531,530.577637,294,
32,1.0,71640.078125,-18042.304688,5327.286133,65,
32,0.0,96991.585938,-55314.335938,2035.444336,174,
32,0.0,45559.496094,-19435.851563,2938.519043,339,
32,0.0,10000.939453,-50109.296875,2168.229004,36,
32,1.0,75709.976563,-26794.273438,3271.77002,56,
32,0.0,67754.75,-18479.132813,4041.703125,39,
32,0.0,70409.570313,-27966.328125,2782.151367,28,
32,0.0,25732.960938,-52416.492188,1838.951172,190,
32,0.0,85332.53125,-24720.875,2465.423828,124,
32,0.0,48177.398438,-19174.359375,3843.689941,267,
32,1.0,14975.261719,-40440.585938,1707.147461,12,
32,0.0,45270.328125,-39105.492188,2315.432129,170,
32,1.0,91288.1875,-49383.296875,787.202637,307,
32,0.0,82714.632813,-5408.070313,1644.009277,260,
32,0.0,92872.460938,-96484.0,4450.193359,29,
32,0.0,68139.289063,-25080.789063,3202.931641,195,
32,0.0,24631.660156,-58098.355469,2815.847168,131,
33,1.0,76737.453125,-31030.296875,1410.824707,36,
33,0.0,100249.34375,-60968.511719,3739.010742,49,
33,0.0,49217.175781,-65573.679688,3405.36084,217,
33,0.0,71698.523438,-59147.363281,5671.823242,226,
33,1.0,1307.412964,-79543.0,1444.90332,109,
33,1.0,13166.417969,-48358.898438,1741.393555,53,
33,0.0,35672.375,-11640.585938,1549.209473,99,
33,1.0,2156.462158,-71778.507813,566.524414,89,
33,0.0,88131.9375,-64195.511719,6178.857422,199,
33,1.0,33571.289063,-57467.722656,1954.334961,182,
33,0.0,14993.719727,-48525.011719,1831.195313,71,
33,0.0,54145.351563,-41480.371094,530.047363,173,
33,1.0,68539.203125,-57704.59375,4428.72998,292,
33,1.0,85649.390625,-15433.625,3740.558105,239,
33,0.0,96868.53125,-97437.640625,4160.741699,275,
33,1.0,3869.942139,-41803.375,1503.336914,264,
33,1.0,43953.683594,-64250.886719,2554.373047,41,
33,0.0,86280.023438,-54209.957031,3649.216309,81,
33,1.0,72895.195313,-58132.195313,5070.987305,178,
33,0.0,7792.181641,-40009.910156,1101.969238,24,
33,0.0,85526.335938,-64976.886719,6761.350098,84,
33,0.0,64816.917969,-57350.824219,2140.811035,281,
33,1.0,51832.0,-21946.078125,6361.995117,4,
33,1.0,70074.257813,-23527.28125,4171.368652,68,
34,0.0,85981.632813,-48002.050781,1097.931641,38,
34,0.0,100034.007813,-27138.820313,4232.172852,177,
34,0.0,71707.75,-56707.882813,3847.330078,181,
34,0.0,60384.023438,-11176.078125,1508.306641,65,
34,1.0,47023.800781,-13311.007813,1498.689453,12,
34,1.0,76183.71875,-51444.394531,1728.150879,321,
34,1.0,55218.96875,-70068.109375,6816.139648,77,
34,1.0,71080.195313,-390.6875,4361.854004,236,
34,0.0,93804.570313,-67905.492188,7059.629883,289,
34,0.0,2347.190918,-50770.691406,2126.687012,275,
34,0.0,11409.870117,-43738.34375,1153.874023,182,
34,1.0,57323.136719,-12720.359375,2045.690918,167,
34,0.0,57941.464844,-56184.917969,648.303223,339,
34,0.0,19918.820313,-62294.382813,3929.192627,106,
34,1.0,57455.417969,-64420.078125,2379.179199,116,
34,1.0,97311.515625,-25896.007813,4761.090332,317,
34,1.0,65819.78125,-37130.53125,956.713379,152,
34,0.0,8592.009766,-57323.136719,4544.894043,345,
34,1.0,60017.945313,-11966.671875,1504.996094,195,
34,0.0,8911.941406,-40034.519531,929.933105,179,
34,0.0,2811.706787,-70560.3125,607.370605,74,
35,1.0,78980.046875,-57996.835938,5756.568359,273,
35,0.0,9151.890625,-37518.140625,8000.0,101,
35,1.0,43636.828125,-22456.742188,3556.843262,272,
35,0.0,98911.171875,-22487.5,4518.486328,55,
35,0.0,90180.726563,-69096.007813,6730.611328,59,
35,0.0,32457.681641,-67167.1875,2390.620605,172,
35,0.0,39600.769531,-35555.480469,881.22998,234,
35,0.0,47134.542969,-39003.972656,2672.372559,261,
35,1.0,22253.707031,-69569.75,3703.372559,211,
35,1.0,91777.3125,-66296.609375,6085.631836,339,
35,1.0,27412.603516,-64666.183594,3063.538574,337,
35,1.0,14661.482422,-40523.648438,1630.230957,132,
35,0.0,43652.210938,-71421.664063,6424.212891,123,
35,0.0,76220.632813,-25277.671875,4347.072266,258,
35,1.0,28421.621094,-50026.234375,1490.731934,252,
35,1.0,20407.947266,-73919.59375,2111.282715,221,
35,0.0,15310.574219,-73141.296875,3175.102051,166,
35,0.0,59981.03125,-7244.609375,1335.652344,330,
35,0.0,93235.46875,-53428.585938,1519.505371,252,
35,0.0,77934.117188,-26354.367188,3460.70752,198,
36,1.0,22807.433594,-63081.90625,3990.033691,354,
36,0.0,97462.25,-53523.949219,1145.258789,315,
36,1.0,62035.972656,-54557.574219,900.812988,138,
36,1.0,15781.244141,-57280.070313,3505.674805,256,
36,0.0,74005.726563,-20324.882813,6038.396484,22,
36,0.0,76411.367188,-7706.046875,2203.607422,311,
36,0.0,14027.771484,-63924.800781,3550.621582,124,
36,1.0,56735.566406,-22019.914063,4000.19751,155,
36,0.0,91814.226563,-3405.421875,778.239746,357,
36,1.0,54428.367188,-67890.109375,4194.771973,314,
36,1.0,83711.34375,-64247.8125,7785.574219,54,
36,0.0,34820.253906,-68991.414063,2081.026855,294,
36,1.0,64863.0625,-52545.695313,970.831543,148,
36,1.0,6457.081543,-51613.585938,2546.837402,195,
36,0.0,36524.503906,-12129.71875,1031.378906,148,
36,1.0,46408.542969,-64010.9375,2449.245117,224,
36,0.0,2196.453857,-40874.34375,1284.730469,139,
36,0.0,74990.132813,-47396.027344,604.659668,123,
36,1.0,73762.703125,-15679.726563,4624.05957,282,
36,1.0,63066.523438,-14501.515625,2386.188965,196,
36,1.0,50936.808594,-33669.726563,4286.05127,289,
36,1.0,20743.259766,-65727.5,6240.733398,339,
36,0.0,10391.625977,-70154.242188,1639.611816,227,
36,0.0,91045.15625,-82225.507813,7574.673828,291,
36,1.0,60165.609375,-69969.664063,6120.947266,223,
