0,1.0,18531.423828,55274.34375,531.382813,344,
0,2.0,71812.351563,40342.148438,524.222656,126,
0,1.0,59719.546875,70114.25,1375.693359,266,
0,0.0,66976.453125,81327.234375,1489.995605,234,
0,1.0,17217.859375,92008.03125,829.201172,327,
0,2.0,76758.984375,26055.972656,1500.553711,80,
0,2.0,70009.65625,18476.050781,6700.262207,146,
0,1.0,52997.90625,12901.858398,3113.876465,3,
0,1.0,956.718628,71477.03125,700.812988,326,
0,2.0,46857.679688,43981.371094,3008.803223,31,
0,0.0,5245.033203,65053.789063,1127.316895,329,
0,1.0,43929.074219,85843.195313,2166.168457,176,
0,2.0,7706.04541,39019.355469,816.48584,231,
0,2.0,97649.90625,45691.773438,665.433594,112,
0,0.0,17848.494141,60734.710938,1010.140137,268,
0,1.0,43827.558594,25628.369141,750.134766,259,
0,0.0,50321.554688,32817.601563,4975.376953,116,
0,2.0,15378.251953,78131.0,1396.220215,94,
0,1.0,79884.46875,13000.298828,2433.661621,109,
0,2.0,14384.618164,92287.976563,1341.763184,180,
0,0.0,62180.5625,30347.361328,4919.367676,114,
0,0.0,9290.323242,79952.148438,1243.871094,9,
0,1.0,51653.574219,71375.523438,1332.821289,153,
0,1.0,47971.289063,31291.775391,3396.197754,327,
0,1.0,13572.485352,97126.9375,2190.018066,112,
0,1.0,85277.164063,77789.53125,4190.455566,197,
0,1.0,9050.374023,93183.164063,2106.830078,227,
0,1.0,56803.25,36321.46875,3918.569824,164,
0,2.0,97994.445313,95081.21875,3657.435059,250,
0,0.0,50958.34375,70883.3125,1334.534668,177,
0,1.0,51182.910156,55760.390625,1383.900391,246,
0,2.0,57719.972656,70009.65625,1302.061035,126,
0,1.0,25268.447266,64626.1875,1010.048828,127,
0,0.0,54206.875,64690.796875,1092.297852,73,
0,0.0,44485.878906,28209.357422,981.357422,303,
0,2.0,75402.351563,80613.539063,2108.60498,19,
0,0.0,46479.296875,76429.820313,1628.075195,201,
0,2.0,67699.382813,28006.322266,3826.234863,261,
0,1.0,43956.761719,91946.507813,811.201172,330,
0,0.0,52521.085938,9114.975586,2491.43457,41,
0,1.0,76506.734375,74867.078125,1459.191895,336,
0,2.0,24219.439453,62829.652344,1041.69873,161,
0,1.0,79595.296875,81118.054688,3597.398926,151,
0,0.0,53400.894531,64023.242188,1060.02002,89,
0,1.0,59233.496094,88464.171875,756.848145,334,
0,2.0,54505.277344,82754.625,1595.480957,86,
0,1.0,69941.976563,10191.667969,6999.575195,228,
0,2.0,93503.101563,37791.925781,1198.995605,153,
0,0.0,49635.546875,32220.806641,4371.568848,210,
0,1.0,25723.732422,72319.929688,818.230957,323,
0,2.0,41701.859375,86926.046875,2053.812988,115,
0,2.0,43227.6875,55855.757813,2861.074707,47,
0,1.0,93383.125,85837.046875,6638.979492,78,
0,1.0,56498.695313,2719.418945,3560.939941,155,
0,1.0,504.507568,76199.101563,1104.010742,285,
0,1.0,8708.908203,73999.570313,1953.967285,301,
0,0.0,79570.6875,75577.695313,2461.822266,308,
0,0.0,907.498413,72378.382813,756.396484,239,
0,0.0,23770.304688,50386.15625,1365.652832,66,
0,1.0,29221.449219,57360.050781,1749.032227,249,
0,2.0,64041.699219,12861.866211,7673.154297,150,
0,0.0,52862.546875,57061.65625,1120.973633,277,
0,2.0,7456.868164,57544.625,965.987793,295,
0,1.0,53920.785156,8204.400391,2942.822266,106,
0,1.0,62558.941406,72993.632813,1416.051758,185,
0,2.0,4786.669434,100283.1875,5711.913086,198,
0,2.0,73424.3125,27474.128906,2170.912598,52,
0,2.0,77934.117188,13913.950195,2806.106934,136,
0,0.0,15.381329,44107.5,1456.711914,320,
0,2.0,67259.476563,35312.457031,2104.882324,249,
0,0.0,55197.433594,89082.5,875.416016,114,
0,0.0,19648.109375,74144.15625,1482.87793,3,
0,1.0,87055.242188,82533.132813,5833.011719,240,
0,0.0,5657.25293,93133.945313,2317.680176,263,
0,1.0,99978.640625,69455.929688,3751.682129,89,
0,2.0,41025.082031,73470.453125,747.22168,26,
0,2.0,33688.1875,98991.15625,784.75,117,
0,0.0,10751.548828,47106.859375,752.279785,224,
0,0.0,51619.738281,23619.568359,3764.321777,66,
0,1.0,82920.742188,81339.539063,4063.245117,199,
0,2.0,11016.108398,42523.222656,695.959961,23,
0,1.0,51047.550781,2962.444092,756.812988,48,
0,0.0,72193.804688,19263.576172,4161.777344,246,
0,1.0,21201.623047,64444.6875,1179.195313,300,
0,1.0,44652.0,76543.648438,1207.612793,335,
0,0.0,94238.328125,86252.335938,7054.996094,287,
0,1.0,47343.730469,88371.890625,1848.260742,356,
0,2.0,89522.414063,88550.3125,3195.621582,48,
0,2.0,90934.414063,89497.804688,3608.265137,282,
0,2.0,54468.363281,40769.75,3835.067871,284,
0,2.0,353.770569,63718.695313,1237.540527,172,
0,0.0,84692.671875,2101.0896,2089.304199,283,
0,0.0,17457.808594,95881.054688,866.383789,351,
0,1.0,40579.019531,73344.328125,695.83252,228,
0,2.0,25785.259766,47371.414063,1299.320313,79,
0,0.0,66862.640625,88578.0,716.395508,172,
0,2.0,85138.726563,76679.0,3838.959473,31,
0,1.0,13510.958008,61476.09375,1009.407715,3,
0,1.0,99787.90625,95647.257813,3112.768066,139,
0,2.0,86556.890625,79290.75,5649.332031,354,
0,2.0,66650.375,64896.90625,499.558594,341,
0,2.0,89790.046875,76309.851563,6076.240234,338,
0,1.0,84166.632813,15873.530273,1579.882324,246,
0,0.0,87193.679688,90832.898438,1519.953125,356,
0,1.0,85400.21875,86206.195313,3050.904785,29,
0,2.0,13366.375,81717.921875,1045.817871,305,
0,0.0,7007.733398,79124.632813,1137.074707,284,
0,2.0,9954.795898,44778.125,929.946289,161,
0,1.0,57243.15625,13753.983398,5329.365234,172,
0,1.0,38188.761719,49158.726563,1588.821777,246,
0,1.0,37773.46875,50284.640625,1580.678223,131,
0,1.0,52865.628906,77697.25,2127.662598,252,
0,2.0,54369.921875,23145.822266,5347.347656,106,
0,2.0,68213.117188,34967.914063,1891.574707,179,
0,1.0,34038.882813,84421.960938,780.089355,55,
0,0.0,37545.824219,82203.976563,1255.493164,154,
0,0.0,87944.289063,84200.46875,4894.881836,242,
0,0.0,75749.96875,27523.351563,1528.350098,325,
0,2.0,39450.03125,84089.726563,1736.696289,10,
0,0.0,93558.46875,43916.769531,924.281738,27,
0,1.0,53376.285156,23773.380859,4937.525391,228,
0,0.0,42430.933594,62355.910156,1250.152344,307,
0,0.0,1119.760742,95398.078125,1985.748535,264,
0,2.0,90119.203125,69120.617188,1175.097656,143,
0,0.0,93355.4375,35050.972656,632.425781,281,
0,2.0,18608.332031,55668.105469,569.10498,276,
0,0.0,59873.359375,42150.992188,1544.418457,49,
0,2.0,53080.96875,31051.824219,5557.336914,331,
0,2.0,25985.216797,96733.171875,552.272949,3,
0,0.0,63032.683594,35327.835938,2973.822754,300,
0,0.0,69723.5625,7349.199219,7080.270996,336,
0,2.0,8573.552734,67628.632813,1748.966797,245,
0,2.0,71412.4375,73270.5,1105.753418,311,
0,1.0,8155.180176,81059.601563,1006.947266,19,
0,0.0,9807.134766,70311.132813,2005.820801,190,
0,2.0,95176.585938,27132.666016,1508.916992,223,
0,2.0,11382.182617,46377.78125,789.325684,181,
0,0.0,12585.00293,62589.703125,1250.083008,320,
0,0.0,43738.34375,47211.453125,2734.788086,318,
0,0.0,93813.796875,64730.785156,847.454102,140,
0,1.0,100329.335938,98520.484375,2150.984375,102,
0,2.0,82613.117188,5226.575684,2018.120605,249,
0,0.0,72959.796875,2713.266357,5470.834961,321,
0,1.0,92438.710938,70178.851563,2550.601074,174,
0,2.0,74713.265625,8755.052734,5321.769531,317,
0,1.0,54000.765625,28947.660156,6834.573242,123,
0,1.0,81840.976563,79952.148438,3529.289551,285,
0,1.0,46085.535156,58953.554688,2434.76709,232,
0,2.0,66850.335938,75808.414063,1325.214844,283,
0,0.0,94976.625,68911.429688,2198.154785,351,
0,1.0,66275.070313,87455.15625,1083.405273,161,
0,1.0,4605.169922,77780.304688,1196.307617,74,
0,2.0,64552.359375,44728.902344,781.004883,217,
0,2.0,11009.955078,73608.890625,1898.970703,347,
0,2.0,38007.261719,79352.273438,1022.775391,150,
0,0.0,22222.945313,80727.367188,852.602539,128,
0,0.0,81441.0625,7164.623047,2214.550293,347,
0,1.0,82834.609375,77623.414063,3098.967285,205,
0,2.0,86276.945313,88138.09375,2328.219238,168,
0,1.0,51164.453125,20432.556641,1883.167969,354,
0,0.0,62971.160156,9087.289063,7132.961914,229,
0,0.0,68911.429688,23739.542969,4498.901855,97,
0,2.0,70997.140625,36330.699219,1013.692383,87,
0,1.0,56692.5,42898.527344,1635.610352,199,
0,1.0,51656.652344,12052.80957,2624.734375,83,
0,2.0,90291.476563,65484.472656,609.246094,144,
0,0.0,65967.445313,16737.960938,7444.17334,64,
0,0.0,59498.054688,40818.972656,1967.733887,156,
0,1.0,40176.03125,71597.007813,624.625977,124,
0,2.0,95456.523438,32623.796875,892.969238,54,
0,2.0,90660.625,43698.355469,704.736328,261,
0,1.0,42550.90625,61316.125,1382.019531,216,
0,0.0,64472.375,36001.539063,2614.616699,133,
0,1.0,69056.015625,74534.84375,1109.236816,95,
0,1.0,89276.304688,73292.03125,4045.727539,225,
0,2.0,11634.4375,85904.71875,779.828613,173,
0,2.0,15282.887695,94985.851563,1277.757813,70,
0,2.0,96001.03125,99068.0625,2306.888184,263,
0,2.0,33715.871094,81994.78125,655.287598,254,
0,0.0,8225.93457,80527.40625,1069.727539,70,
0,2.0,8724.289063,69114.460938,1845.013672,272,
0,0.0,100618.5,21097.03125,1175.076172,86,
0,2.0,75402.351563,24936.210938,2040.820313,179,
0,2.0,18094.595703,73710.398438,1742.033691,308,
0,2.0,87089.078125,212.262344,2090.649902,275,
0,2.0,69403.632813,12483.486328,7201.772949,255,
0,1.0,61743.730469,24185.601563,6167.701172,128,
0,1.0,93312.367188,94524.414063,2943.616699,329,
0,1.0,15021.405273,99815.59375,2003.418945,247,
0,2.0,27975.560547,52305.75,2842.256836,321,
0,1.0,53277.847656,39846.871094,4183.710449,360,
0,0.0,80044.4375,2516.385498,1633.744141,339,
0,1.0,57520.015625,87279.8125,992.824707,125,
1,0.0,86593.804688,83969.75,5021.68457,43,
1,0.0,64641.570313,84923.390625,1292.802734,286,
1,0.0,82050.164063,16301.131836,2176.362305,2,
1,0.0,30396.582031,58021.449219,928.466797,134,
1,2.0,82379.320313,73713.476563,2467.552246,358,
1,2.0,95324.242188,41738.773438,1387.568359,125,
1,2.0,3996.069336,91528.132813,1566.841309,315,
1,0.0,63860.199219,58049.136719,2777.07373,65,
1,1.0,8010.596191,85477.117188,660.86377,28,
1,1.0,77601.882813,16458.021484,2413.755371,157,
1,2.0,96081.007813,92755.5625,4827.513184,266,
1,2.0,48952.617188,77026.617188,2094.399902,185,
1,0.0,93472.335938,100575.429688,1904.566406,256,
1,0.0,50964.496094,43273.832031,3285.490234,120,
1,0.0,66222.773438,70535.695313,1044.604004,21,
1,2.0,16439.564453,88414.953125,807.77832,66,
1,0.0,20214.142578,76051.4375,1433.507813,310,
1,2.0,73854.984375,16162.699219,4254.007813,297,
1,0.0,70960.21875,26160.564453,3270.720703,112,
1,2.0,1608.887085,53680.839844,1343.327148,3,
1,0.0,53090.195313,39545.398438,4211.441895,50,
1,1.0,99769.453125,42673.960938,1378.803223,197,
1,1.0,55385.085938,39557.703125,3753.699707,79,
1,2.0,53705.449219,46482.375,1526.693359,8,
1,0.0,55160.519531,70003.507813,1212.40625,69,
1,2.0,44956.546875,44162.871094,2666.504883,286,
1,2.0,98542.023438,39520.785156,1737.365234,72,
1,2.0,67071.820313,57959.921875,819.166992,147,
1,2.0,46685.410156,89590.085938,1571.154297,103,
1,0.0,11951.292969,68182.351563,1718.237793,253,
1,1.0,6.152532,67480.96875,968.997559,48,
1,0.0,96121.0,64623.113281,1292.663086,298,
1,2.0,91549.671875,100563.125,1362.933594,173,
1,2.0,72341.460938,11619.055664,7007.916992,36,
1,2.0,58209.101563,86996.796875,1028.581055,309,
1,0.0,47399.105469,57741.507813,2469.208984,221,
1,1.0,76838.960938,78044.859375,2165.42041,121,
1,1.0,75553.085938,29375.259766,1188.838867,275,
1,1.0,46396.238281,1981.115112,637.567871,251,
1,0.0,29584.449219,67474.8125,515.02832,357,
1,1.0,50229.265625,62694.292969,1483.469238,108,
1,0.0,79315.359375,82105.53125,3323.88916,342,
1,2.0,49638.625,17291.689453,738.009766,320,
1,2.0,79189.234375,5146.592285,1825.386719,337,
1,0.0,56292.585938,21832.257813,5269.657227,354,
1,0.0,56563.296875,5340.397461,4812.833984,167,
1,1.0,88522.625,14067.763672,616.977539,265,
1,1.0,82579.273438,82923.820313,3555.367676,343,
1,0.0,49186.414063,56083.402344,3462.003418,71,
1,1.0,53339.371094,47109.933594,1569.913574,207,
1,0.0,63075.75,99606.40625,484.165527,297,
1,0.0,9800.982422,86473.828125,810.567871,49,
1,1.0,47116.085938,2337.961914,608.785156,224,
1,0.0,29470.625,50755.308594,2129.364746,357,
1,0.0,97403.804688,92238.75,5086.952148,139,
1,2.0,63810.980469,3423.883789,6849.887695,198,
1,1.0,64647.722656,86116.984375,1233.530273,203,
1,1.0,99049.601563,71621.617188,5137.128906,137,
1,1.0,95398.078125,36979.792969,1267.241211,298,
1,2.0,93287.757813,67610.164063,1724.723633,281,
1,1.0,95250.414063,64807.691406,1150.384766,140,
1,0.0,65530.613281,14021.619141,7547.119629,78,
1,1.0,83419.101563,91857.296875,1049.373047,60,
1,2.0,6195.599609,70181.921875,1612.157715,292,
1,0.0,17894.638672,98821.960938,1024.217285,121,
1,1.0,63491.046875,57458.492188,3236.79248,331,
1,0.0,58098.355469,16574.919922,4978.341797,236,
1,0.0,73067.460938,72744.453125,1074.292969,291,
1,2.0,19940.353516,80099.8125,1115.846191,333,
1,2.0,68111.601563,7610.681152,7284.600098,240,
1,0.0,55735.78125,64773.851563,1166.464355,136,
1,1.0,67911.640625,32350.011719,2409.817383,4,
1,0.0,77629.5625,91260.5,1388.22168,256,
1,2.0,13532.493164,77395.765625,1500.23584,40,
1,2.0,59454.988281,57329.289063,3008.297363,122,
1,2.0,67370.21875,35537.023438,2047.041504,305,
1,1.0,40022.21875,81622.5625,1808.705078,268,
1,0.0,60879.296875,99369.539063,484.115723,289,
1,1.0,16153.470703,69332.875,1490.751953,150,
1,0.0,63586.414063,75359.28125,1432.019531,258,
1,1.0,58492.117188,68972.953125,1293.592773,338,
1,2.0,48598.847656,1012.091431,485.347656,11,
1,1.0,10911.514648,74983.976563,1771.449707,158,
1,1.0,86347.703125,79044.648438,5429.089844,249,
1,1.0,100403.164063,80585.859375,7231.895996,308,
1,0.0,99898.648438,88617.984375,6064.454102,257,
1,1.0,64896.90625,66970.304688,936.386719,18,
1,2.0,83985.132813,86147.75,2397.256348,92,
1,2.0,6367.870117,65724.421875,1265.95752,36,
1,2.0,71960.007813,79681.4375,1933.547852,235,
1,1.0,50284.640625,12249.69043,1401.98584,50,
1,2.0,48454.261719,58984.320313,2463.528809,254,
1,1.0,61977.527344,18340.697266,6622.841309,16,
1,2.0,26382.054688,51955.054688,2041.211426,320,
1,2.0,2491.775146,49927.792969,1673.765137,32,
1,2.0,47934.375,84305.0625,2152.622559,290,
1,0.0,70437.257813,85000.296875,1423.330566,314,
1,0.0,84609.617188,2805.554443,2223.55957,24,
1,0.0,79343.046875,14233.881836,2316.819824,20,
1,1.0,89294.765625,3377.739502,2353.182129,285,
1,0.0,92721.726563,65665.96875,923.428711,267,
1,2.0,8367.442383,95588.8125,2928.245117,275,
1,1.0,7872.164063,97176.164063,6769.133789,212,
1,1.0,17017.902344,84025.125,758.10498,260,
1,0.0,93543.085938,39382.355469,1288.53418,150,
1,1.0,70071.179688,89270.15625,932.725098,310,
1,1.0,80758.125,11855.928711,2400.541504,135,
1,0.0,48211.238281,85409.445313,2117.218262,92,
1,1.0,38727.109375,78672.421875,939.14209,200,
1,2.0,4777.44043,84846.484375,710.862305,330,
1,1.0,66425.804688,71449.351563,1063.484375,161,
1,0.0,53105.578125,34189.617188,5341.194336,143,
1,2.0,78275.585938,10686.947266,3235.726563,133,
1,1.0,69102.15625,36592.183594,1477.225098,90,
1,1.0,64109.378906,3263.917969,6717.986328,203,
1,2.0,5715.70166,41055.84375,1221.127441,104,
1,2.0,51647.421875,47743.644531,2023.119629,114,
1,2.0,99944.796875,39806.878906,2092.525879,11,
1,0.0,12486.5625,94010.6875,1672.517578,253,
1,1.0,63164.964844,66192.007813,1153.853027,344,
1,2.0,70397.265625,39065.5,917.371582,206,
1,1.0,45027.300781,54385.300781,2882.694336,219,
1,0.0,476.821198,39822.261719,1062.341309,240,
1,1.0,49798.589844,84898.78125,2064.466797,296,
1,0.0,49260.242188,61119.246094,1803.376953,22,
1,0.0,62448.195313,31208.716797,4373.967773,218,
1,2.0,17611.621094,59399.617188,891.317383,350,
1,2.0,26898.867188,45796.367188,1348.030762,98,
1,2.0,45824.054688,89614.695313,1566.563477,167,
1,0.0,65985.898438,4137.577148,7186.441406,331,
1,0.0,60042.554688,20875.539063,5049.745117,324,
1,2.0,12569.62207,85827.8125,834.373047,90,
1,2.0,43833.710938,54588.335938,2750.335449,133,
1,1.0,14612.262695,87218.289063,922.53418,189,
1,1.0,58732.0625,85877.03125,1136.77002,136,
1,1.0,59574.964844,63970.945313,1320.09375,28,
1,1.0,51229.050781,48168.167969,2168.30957,196,
1,1.0,19983.421875,80601.234375,1052.355469,81,
1,0.0,17184.019531,82760.773438,915.271484,343,
1,2.0,20149.541016,54013.070313,619.32373,101,
1,0.0,63288.011719,75276.21875,1415.568359,299,
1,1.0,14218.500977,85710.914063,812.739746,99,
1,1.0,95837.984375,98840.421875,2327.14209,360,
1,1.0,84895.703125,18414.527344,599.193848,301,
1,2.0,56935.527344,53831.570313,2584.855957,321,
1,0.0,72898.265625,9745.610352,7000.97168,117,
1,1.0,49884.726563,29350.650391,3740.79541,75,
1,1.0,54889.8125,51985.816406,3095.586426,79,
1,1.0,85640.164063,3839.179688,2263.271973,5,
1,1.0,67970.09375,83800.554688,1416.691406,56,
1,0.0,181.49968,70704.890625,663.898438,33,
1,1.0,3823.79834,47857.464844,1646.496094,184,
1,0.0,52179.621094,90528.351563,714.353027,296,
1,1.0,19752.701172,79709.125,1165.429199,291,
1,1.0,10723.862305,90183.804688,1427.787109,78,
1,0.0,100101.6875,20404.871094,512.242188,325,
1,0.0,82976.117188,4568.254395,2210.739746,239,
1,2.0,79192.304688,72821.367188,1744.3125,184,
1,1.0,42249.433594,41058.917969,1507.620605,42,
1,0.0,29402.949219,50838.367188,2258.87793,142,
1,1.0,27289.552734,47583.675781,1672.87207,188,
1,0.0,44864.261719,70735.65625,1056.716797,14,
1,0.0,2128.775879,80967.3125,1304.061035,284,
1,1.0,50373.851563,79699.890625,2166.116699,86,
1,1.0,21413.886719,56535.609375,724.703613,229,
1,2.0,15015.25293,71618.546875,1731.587891,97,
1,2.0,41689.554688,62143.648438,1298.359375,161,
1,0.0,94881.265625,36229.183594,1092.272461,276,
1,2.0,60319.417969,36770.605469,3115.960449,319,
1,0.0,1722.708862,77915.664063,1309.709961,132,
1,1.0,11086.861328,71667.765625,2004.275879,332,
1,1.0,41443.453125,74098.007813,775.449219,213,
1,1.0,77432.679688,82185.515625,2682.043457,51,
1,2.0,53167.101563,43150.777344,2991.77002,146,
1,1.0,71975.390625,26843.496094,2767.835938,182,
1,0.0,34783.335938,81287.25,717.795898,274,
1,1.0,26812.730469,49758.597656,1469.366211,279,
1,0.0,15744.328125,74288.742188,1625.423828,247,
1,1.0,63958.640625,42166.375,1337.737793,290,
1,1.0,10539.286133,62469.726563,1278.87793,141,
1,2.0,50506.132813,22678.232422,2598.421387,89,
1,2.0,43003.121094,69049.859375,929.688965,74,
1,1.0,94570.5625,97348.429688,2507.056152,177,
1,2.0,78893.914063,71821.578125,1170.253418,118,
1,2.0,87298.265625,9296.475586,1712.333008,4,
1,1.0,9462.592773,43510.703125,963.880371,241,
1,1.0,49044.902344,38865.542969,5171.741211,222,
1,2.0,64884.601563,58553.640625,1438.503906,119,
1,1.0,91260.5,44322.835938,719.027832,233,
1,1.0,27061.910156,56864.773438,1223.917969,43,
1,1.0,66441.1875,10849.989258,7639.095215,3,
1,2.0,99855.585938,68908.351563,3319.783691,88,
1,2.0,73913.4375,12901.858398,5551.736328,326,
1,2.0,89307.070313,86393.851563,3719.416016,127,
1,1.0,66250.453125,51995.042969,559.897949,40,
1,0.0,64613.882813,74836.3125,1383.089844,325,
1,1.0,2337.961914,100280.109375,5317.530273,29,
1,0.0,3986.840332,66293.53125,1227.998535,264,
1,2.0,80441.273438,14578.422852,2002.986816,153,
1,1.0,40760.519531,89285.539063,1737.737305,214,
1,1.0,81945.5625,90752.914063,1507.871094,263,
1,2.0,57670.753906,85581.71875,1163.413574,49,
1,0.0,94942.789063,45005.765625,895.875,248,
1,2.0,56652.511719,84489.640625,1262.730469,90,
1,0.0,68440.765625,85243.320313,1374.979004,297,
1,0.0,20429.480469,64417.003906,1212.072266,349,
1,0.0,68831.445313,86990.640625,1332.121094,163,
1,1.0,94625.9375,67677.851563,1929.010254,173,
1,2.0,26080.582031,76226.789063,672.515625,290,
1,1.0,86603.03125,79490.710938,5748.700195,64,
1,2.0,91315.875,3679.213867,764.462402,270,
1,0.0,61805.253906,67917.796875,1310.71875,115,
1,2.0,44107.5,44950.394531,2206.062012,84,
1,1.0,37247.425781,37871.910156,509.192383,295,
1,1.0,65672.125,55972.652344,1108.31543,317,
1,0.0,56677.121094,67324.078125,1153.333008,291,
1,2.0,63912.5,83868.234375,1259.618164,90,
1,2.0,37395.085938,55508.140625,1012.557129,57,
1,1.0,7601.452637,98775.820313,7846.20752,106,
1,2.0,98738.90625,29390.644531,2312.833496,174,
1,0.0,43212.304688,27409.527344,733.631348,288,
1,0.0,77069.679688,4669.771484,2816.175293,177,
1,2.0,47771.328125,38628.667969,4899.28418,68,
1,1.0,68653.023438,72464.515625,882.719238,83,
1,0.0,61608.375,27544.884766,6102.85791,126,
1,0.0,59608.804688,43802.949219,1169.467285,307,
1,0.0,54379.148438,79579.914063,1984.480957,179,
1,0.0,59516.511719,17602.392578,5125.751953,328,
1,1.0,42637.042969,64198.589844,1172.977539,128,
1,2.0,57520.015625,73839.609375,1214.855469,145,
1,0.0,73242.8125,1319.718018,5005.773438,191,
1,2.0,13052.595703,82333.171875,976.518066,343,
1,2.0,44913.480469,39499.25,3510.889648,66,
1,0.0,98843.492188,72882.890625,5436.108398,17,
1,0.0,46500.832031,90531.429688,1181.901367,125,
1,2.0,99068.0625,81591.796875,7745.65625,356,
1,1.0,3390.045166,54166.886719,1255.780273,84,
1,0.0,97597.609375,24416.320313,1649.207031,161,
1,0.0,21899.935547,64503.140625,1158.375977,305,
1,1.0,66859.5625,43307.667969,857.283203,113,
1,0.0,83975.90625,88098.09375,1906.17334,261,
1,2.0,54053.066406,69000.640625,1139.493652,75,
1,1.0,51512.070313,53563.9375,1032.270508,244,
1,1.0,57849.179688,1190.514893,4087.091309,119,
1,0.0,190.72847,74427.171875,927.161621,182,
1,1.0,57556.929688,31239.478516,5635.9375,348,
1,1.0,87329.03125,88131.9375,2674.868652,341,
1,2.0,51838.152344,67890.109375,1147.578125,135,
1,1.0,82231.664063,83695.960938,3103.880371,111,
1,1.0,98249.773438,65192.222656,2072.816406,185,
1,2.0,42101.773438,55781.925781,3134.119629,159,
1,1.0,94653.625,90592.953125,5420.084961,112,
1,2.0,68914.507813,69914.289063,569.521973,344,
1,2.0,56335.652344,24114.847656,7168.015137,101,
1,1.0,79447.640625,75596.15625,2430.57373,329,
1,2.0,95810.296875,28618.501953,1699.169922,285,
1,1.0,91432.765625,90171.5,3504.592285,340,
1,1.0,65029.179688,39773.039063,1769.331543,66,
1,1.0,7096.944824,41855.671875,1169.986816,324,
1,2.0,46322.410156,33878.914063,3115.749023,295,
1,0.0,60091.773438,77992.5625,1377.03418,250,
1,1.0,96364.023438,84729.585938,7982.306152,231,
1,1.0,79164.625,8653.536133,2577.07666,56,
1,1.0,99218.796875,31122.580078,1878.707031,94,
1,2.0,8736.594727,50121.597656,878.68457,5,
1,2.0,41388.078125,55886.519531,2865.651367,34,
1,1.0,66785.726563,8318.222656,6568.308594,295,
1,0.0,54554.496094,86941.421875,1168.058594,259,
1,2.0,73135.140625,22545.951172,3157.110352,21,
1,2.0,89577.78125,86120.054688,3948.481445,91,
1,2.0,58885.878906,35856.953125,3486.880859,348,
1,1.0,2700.961426,69717.40625,960.04248,200,
1,1.0,93684.601563,26763.511719,596.194336,219,
1,2.0,6094.08252,81957.867188,1003.011719,105,
1,2.0,90488.359375,84172.789063,5174.56543,317,
1,2.0,3836.103516,75227.0,1256.115723,203,
1,1.0,98182.101563,94118.351563,4032.42041,257,
1,1.0,95641.101563,32485.367188,922.981934,31,
1,2.0,95616.492188,99910.953125,2212.297363,301,
1,0.0,56649.433594,60866.992188,1425.572266,347,
1,2.0,1525.827759,64561.589844,1362.386719,22,
1,2.0,56615.597656,85067.976563,1222.795898,128,
1,0.0,10179.363281,89230.164063,1313.008301,78,
1,2.0,57929.160156,88691.8125,759.321289,353,
1,0.0,73328.945313,73479.679688,1112.944336,13,
1,1.0,93266.226563,82130.140625,7741.371094,182,
1,0.0,7872.164063,55981.882813,2693.199707,122,
2,0.0,45091.902344,70664.898438,1069.421387,194,
2,0.0,42270.964844,56117.238281,3140.310059,3,
2,0.0,74307.195313,5392.693848,5477.929688,16,
2,0.0,87347.492188,15775.089844,645.584473,167,
2,0.0,57458.492188,25809.869141,7792.496094,267,
2,0.0,95284.257813,100052.46875,2187.651855,200,
2,0.0,23041.230469,97000.8125,593.373047,254,
2,0.0,60467.078125,34752.574219,3469.983398,358,
2,0.0,96296.34375,71547.789063,4408.412598,156,
2,0.0,99437.210938,91223.585938,5053.973633,78,
2,0.0,9828.668945,43267.679688,885.740234,78,
2,0.0,30279.685547,55498.910156,1656.249512,309,
2,0.0,99326.46875,32823.753906,1444.342773,257,
2,0.0,38942.449219,99803.289063,474.71875,72,
2,0.0,5568.041016,44778.125,1465.510742,267,
2,0.0,55498.910156,65435.246094,1169.373047,155,
2,0.0,12987.994141,100698.476563,2616.268555,323,
2,0.0,61792.949219,56837.089844,3991.810547,60,
2,0.0,6358.641113,92475.625,2248.296387,91,
2,0.0,22299.849609,51893.53125,734.822266,77,
2,0.0,69554.367188,9234.949219,7625.158691,58,
2,0.0,25453.023438,56877.078125,1000.507813,213,
2,0.0,45079.597656,71695.445313,1199.672852,195,
2,0.0,62263.617188,2027.259277,5983.400391,298,
2,0.0,78198.671875,87387.484375,2039.706055,181,
2,0.0,6284.811035,49721.683594,1323.272949,160,
2,0.0,85932.40625,80176.710938,5654.426758,296,
2,0.0,36204.574219,47842.085938,725.870117,140,
2,0.0,96117.921875,68914.507813,2351.937012,143,
2,0.0,91322.023438,45134.96875,643.67334,162,
2,0.0,47291.433594,50376.929688,3770.481445,308,
2,0.0,8321.298828,68468.445313,1781.972656,241,
2,0.0,44704.292969,92327.960938,704.467773,89,
2,0.0,14021.619141,68733.007813,1610.536621,91,
2,0.0,90589.875,45516.425781,515.964355,204,
2,0.0,64764.625,24797.779297,5593.608398,101,
2,0.0,96557.828125,69948.132813,3115.489746,246,
2,0.0,62512.800781,25643.75,6097.005859,265,
2,0.0,51225.976563,21521.554688,2357.09668,188,
2,0.0,93543.085938,85175.648438,6910.149414,52,
2,0.0,68997.5625,3934.543945,6154.227539,265,
2,0.0,59667.25,24413.244141,6523.240723,279,
2,0.0,81111.898438,1116.684448,1566.500977,198,
2,0.0,69311.34375,32949.882813,1875.933105,120,
2,0.0,74876.304688,1421.234741,4011.627686,179,
2,0.0,57803.035156,184.575943,3425.326172,138,
2,0.0,53348.601563,56169.535156,1131.53125,309,
2,0.0,48235.847656,29670.582031,3077.725586,63,
2,0.0,44627.386719,56932.449219,2468.760254,271,
2,0.0,29089.169922,52819.480469,2010.156738,150,
2,0.0,9721.0,38004.1875,526.518066,4,
2,0.0,72489.125,87664.34375,1759.182617,350,
2,0.0,15049.092773,90497.585938,1133.569824,308,
2,0.0,44264.390625,23841.058594,649.125,101,
2,0.0,4036.060547,96484.0,3089.933105,249,
2,0.0,89147.109375,42652.421875,549.390625,305,
2,0.0,2802.478271,63684.851563,1409.753906,273,
2,0.0,21438.496094,69034.484375,1428.123047,229,
2,0.0,99972.484375,92044.953125,4417.528809,122,
2,0.0,69111.382813,9770.219727,7326.228027,201,
2,0.0,144.584488,58553.640625,1359.055664,327,
2,0.0,55966.5,84637.296875,1284.716309,10,
2,0.0,95748.773438,78644.734375,7335.694336,341,
2,0.0,48872.632813,23558.042969,2045.389648,154,
2,0.0,55274.34375,18088.443359,2882.306152,157,
2,0.0,81982.476563,84083.570313,2888.568359,260,
2,0.0,94158.34375,89525.484375,5523.957031,34,
2,0.0,4248.322754,71077.117188,1300.524902,238,
2,0.0,28344.712891,96751.632813,524.80127,207,
2,0.0,65053.789063,86200.046875,1248.550781,6,
2,0.0,85064.898438,68446.914063,481.458984,196,
2,0.0,50856.824219,88879.46875,1378.565918,93,
2,0.0,62303.609375,49481.734375,542.509766,325,
2,0.0,51881.226563,65592.140625,1169.566406,241,
2,0.0,42049.476563,89503.953125,1772.635254,120,
2,0.0,10696.176758,39788.421875,538.332031,317,
2,0.0,57424.65625,88528.78125,815.40625,336,
2,0.0,56077.25,2091.860596,2826.350098,173,
2,0.0,71092.5,28618.501953,2534.872559,180,
2,0.0,12646.52832,67176.414063,1658.388184,97,
2,0.0,44870.414063,73854.984375,1395.712891,123,
2,0.0,96219.445313,95410.382813,3501.111328,346,
3,0.0,59251.953125,190.72847,4736.077148,357,
3,0.0,88501.09375,92909.375,1381.421875,357,
3,0.0,94336.765625,34906.390625,767.92334,211,
3,0.0,98388.210938,76245.242188,5925.508789,256,
3,0.0,58252.167969,6189.446777,5967.768555,73,
3,0.0,82308.5625,72203.03125,1907.163574,117,
3,0.0,753.68512,43338.429688,1610.945801,304,
3,0.0,26388.207031,63361.847656,910.300781,179,
3,0.0,65019.953125,53050.199219,894.996582,279,
3,0.0,60464.003906,34983.292969,3417.186035,310,
3,0.0,12225.080078,93370.820313,1581.600098,132,
3,0.0,48423.5,88310.367188,1797.604492,273,
3,0.0,4014.526611,59608.804688,1342.347168,193,
3,0.0,8355.137695,63721.769531,1120.23584,163,
3,0.0,8382.824219,65278.363281,1367.935059,82,
3,0.0,57000.132813,34278.828125,4229.336426,285,
3,0.0,63832.511719,31584.021484,3845.531738,335,
3,0.0,72033.835938,31436.359375,1476.606445,33,
3,0.0,11843.623047,45950.183594,1951.562012,85,
3,0.0,95115.0625,99467.976563,2241.716797,12,
3,0.0,66256.617188,18066.908203,7172.129395,227,
3,0.0,60977.742188,86006.242188,1119.851074,295,
3,0.0,57612.308594,76762.0625,1427.889648,75,
3,0.0,81213.414063,8739.670898,2414.63623,351,
3,0.0,43409.1875,35158.640625,2005.289551,24,
3,0.0,78860.078125,15455.15918,2194.376953,14,
3,0.0,43581.457031,84148.171875,2153.39209,33,
3,0.0,56480.238281,24167.144531,7239.860352,13,
3,0.0,10456.227539,76715.914063,1652.606445,207,
3,0.0,81121.125,82991.5,3265.489258,354,
3,0.0,48100.492188,71200.171875,1400.799316,270,
3,0.0,15187.524414,74341.039063,1623.898438,55,
3,0.0,7336.893555,55920.359375,2777.821289,163,
3,0.0,6635.505371,89713.140625,1346.841797,151,
3,0.0,1784.234131,57080.113281,1229.444824,358,
3,0.0,7392.266113,50207.734375,1109.374023,2,
3,0.0,62445.117188,50284.640625,578.649902,94,
3,0.0,45651.785156,65699.8125,1499.425781,59,
3,0.0,2510.23291,67548.640625,1236.040527,342,
3,0.0,10831.53125,74547.148438,1816.878418,90,
3,0.0,55083.617188,11409.870117,4290.253906,199,
3,0.0,20091.091797,73495.0625,1388.790039,2,
3,0.0,41326.554688,89307.070313,1791.941895,81,
3,0.0,33934.289063,89214.78125,551.78418,173,
3,0.0,30.762657,51367.484375,2018.000977,136,
3,0.0,71578.554688,37681.179688,774.233398,345,
3,0.0,2202.606201,67723.992188,1212.835938,196,
3,0.0,35844.648438,48977.226563,759.464355,51,
3,0.0,1531.980347,38124.160156,710.97168,35,
3,0.0,77137.367188,22164.494141,1740.848633,218,
3,0.0,8813.500977,67693.226563,1769.368164,331,
3,0.0,2580.987061,76675.921875,1242.740234,275,
3,0.0,83652.898438,74104.164063,2902.784668,101,
3,0.0,74507.15625,19875.753906,2991.362793,75,
3,0.0,67330.226563,23158.126953,5107.668945,116,
3,0.0,41944.882813,39600.769531,1643.409668,201,
3,0.0,14707.626953,92441.789063,1313.556641,206,
3,0.0,53726.980469,88239.609375,1124.689453,125,
3,0.0,50158.515625,62005.210938,1541.085449,6,
3,0.0,78857.0,18306.857422,1694.718262,3,
3,0.0,98498.953125,30055.115234,1966.325684,289,
3,0.0,22373.681641,99643.320313,764.766113,83,
3,0.0,24065.626953,48017.433594,668.572266,107,
3,0.0,63235.71875,10370.091797,7317.918945,252,
3,0.0,59531.894531,51905.835938,2158.162109,239,
3,0.0,61199.230469,73962.65625,1249.769043,211,
3,0.0,79016.960938,92327.960938,904.642578,329,
3,0.0,69505.148438,22146.037109,4609.993164,348,
3,0.0,17925.400391,69858.921875,1459.669922,283,
3,0.0,46174.75,73990.34375,1568.625977,218,
3,0.0,73901.132813,86113.90625,1786.325195,340,
3,0.0,70421.875,83296.046875,1512.578125,279,
3,0.0,73270.5,89562.398438,1358.469727,71,
3,0.0,49047.980469,35598.546875,5222.37793,270,
3,0.0,5820.294922,60067.164063,1237.020508,329,
3,0.0,7296.901855,96342.492188,5117.18457,58,
3,0.0,86849.132813,87482.84375,2956.793457,147,
3,0.0,99923.265625,32270.027344,1729.726563,47,
3,0.0,21998.376953,61617.601563,1067.224609,81,
3,0.0,46162.445313,79419.953125,1989.745605,278,
3,0.0,47540.609375,61156.164063,1865.732422,113,
3,0.0,88467.25,91666.570313,1673.901367,233,
3,0.0,67154.882813,43639.90625,772.072266,173,
3,0.0,41055.84375,43359.964844,951.231934,245,
3,0.0,71547.789063,20752.490234,4105.059082,158,
3,0.0,70852.554688,1168.980957,5321.527344,209,
3,0.0,49927.792969,74024.179688,1758.958008,198,
3,0.0,4675.923828,96379.40625,3154.146484,300,
3,0.0,15209.057617,79327.664063,1325.274414,266,
3,0.0,63294.164063,75913.015625,1470.774414,40,
3,0.0,695.236084,76614.398438,1146.077637,64,
3,0.0,57679.984375,65705.960938,1161.265137,287,
3,0.0,89174.789063,65370.648438,542.012695,19,
3,0.0,7512.240723,91331.257813,1850.446289,134,
3,0.0,64063.230469,46390.085938,561.305664,145,
3,0.0,68914.507813,82542.359375,1511.645996,185,
3,0.0,2091.860596,100501.601563,5490.469727,37,
3,0.0,14276.949219,93137.023438,1413.564453,131,
3,0.0,75759.195313,89676.21875,1847.986328,246,
3,0.0,84052.8125,90429.90625,1542.566406,282,
3,0.0,99212.648438,77635.71875,6756.933594,290,
3,0.0,64078.613281,37459.691406,2390.403809,25,
3,0.0,56437.171875,56615.597656,1961.209961,293,
3,0.0,19358.939453,96979.28125,631.550781,134,
3,0.0,44018.285156,53185.558594,2382.356445,329,
3,0.0,52942.535156,83603.679688,1727.718262,29,
3,0.0,50066.226563,85006.453125,2071.109863,251,
3,0.0,51044.476563,73307.414063,1616.085938,124,
3,0.0,98225.164063,84818.796875,7151.28418,137,
3,0.0,67573.25,81579.492188,1494.847168,67,
3,0.0,96656.273438,85797.054688,7771.994629,182,
3,0.0,60946.980469,99864.8125,574.052734,262,
3,0.0,29855.158203,65829.007813,526.241211,211,
3,0.0,77352.703125,83283.742188,2524.359375,322,
3,0.0,23299.636719,79979.828125,757.583496,162,
3,0.0,9.228797,51739.714844,1983.808594,203,
3,0.0,49660.15625,1728.861328,521.549805,268,
3,0.0,96680.882813,25892.929688,1987.555664,358,
3,0.0,42581.671875,33503.609375,1151.438477,27,
3,0.0,64770.777344,6823.157227,7251.36377,159,
3,0.0,76798.976563,71492.414063,804.012207,21,
3,0.0,8278.230469,82782.304688,840.376953,68,
3,0.0,64776.929688,77103.523438,1645.814941,329,
3,0.0,49374.066406,74903.992188,2004.455078,101,
3,0.0,89371.671875,2593.292236,2363.503418,347,
3,0.0,9044.22168,43316.898438,1025.577148,158,
3,0.0,44119.804688,79598.375,1769.775879,56,
3,0.0,54523.734375,13323.307617,3818.816895,348,
3,0.0,18795.984375,59128.902344,945.62207,180,
3,0.0,13692.458984,62220.550781,1131.630859,225,
3,0.0,54492.972656,76725.148438,1858.245117,233,
3,0.0,90605.257813,37038.238281,476.203125,182,
3,0.0,18525.271484,86516.898438,611.675781,351,
3,0.0,63601.792969,73421.234375,1389.688965,69,
3,0.0,64866.136719,67050.289063,951.493652,223,
3,0.0,56535.609375,83382.1875,1350.95459,178,
3,0.0,73679.640625,18349.925781,3708.123047,78,
3,0.0,40083.742188,81342.617188,1790.075195,353,
3,0.0,5334.245117,59196.582031,1267.867188,174,
3,0.0,21395.429688,66481.179688,1259.237305,239,
3,0.0,72095.359375,33817.390625,1000.97998,2,
3,0.0,79930.609375,74707.109375,2439.754395,183,
3,0.0,7130.78418,79475.328125,1098.046387,40,
3,0.0,59328.859375,22364.451172,5611.228516,45,
3,0.0,83234.523438,70548.0,1284.03418,155,
3,0.0,62765.050781,71541.632813,1432.196777,44,
3,0.0,71578.554688,40686.691406,536.162598,284,
3,0.0,261.482574,76629.78125,1102.211426,136,
3,0.0,8105.959961,97772.953125,7900.473145,194,
3,0.0,51505.917969,68050.078125,1151.704102,360,
3,0.0,98821.960938,59667.25,563.09082,22,
3,0.0,62358.984375,57372.355469,3933.337891,190,
3,0.0,93143.171875,29178.378906,773.675293,44,
3,0.0,90085.367188,72163.046875,3185.630371,18,
3,0.0,61220.765625,81262.640625,1270.949219,111,
3,0.0,51176.757813,84908.007813,1881.811035,349,
3,0.0,65835.164063,44753.515625,694.574219,111,
3,0.0,91420.460938,98212.859375,1712.366211,74,
3,0.0,3550.010498,71332.445313,1168.291016,272,
3,0.0,25034.650391,46928.433594,1413.070313,243,
3,0.0,9296.475586,50936.808594,684.305664,163,
3,0.0,54988.25,34789.488281,4607.853027,293,
3,0.0,18768.296875,72064.601563,1643.084961,150,
3,0.0,24603.974609,50170.820313,1590.125488,31,
3,0.0,63712.542969,13083.358398,7499.98877,157,
3,0.0,36998.25,85295.617188,1294.879883,339,
3,0.0,87362.875,4109.891113,2226.501465,351,
3,0.0,99221.875,39677.675781,1890.441406,13,
3,0.0,53588.546875,39773.039063,4178.806152,334,
3,0.0,62389.746094,25246.912109,6130.143555,146,
3,0.0,59430.378906,64257.035156,1282.61084,281,
3,0.0,93915.320313,31217.945313,924.113281,191,
3,0.0,61620.679688,23102.755859,5959.041992,186,
3,0.0,10077.84668,81773.296875,1024.086914,66,
3,0.0,60064.089844,30722.666016,5482.205078,21,
3,0.0,84415.8125,72381.460938,2554.134277,347,
3,0.0,71584.703125,81776.367188,1818.915039,83,
3,0.0,38856.3125,79204.609375,1123.876953,187,
3,0.0,54037.679688,37884.214844,4333.675293,313,
3,0.0,39213.160156,85507.882813,1645.098633,47,
3,0.0,98102.109375,89140.953125,6326.984375,167,
3,0.0,62734.289063,30215.082031,4764.166016,109,
3,0.0,51702.800781,54133.046875,1087.421875,67,
3,0.0,68403.84375,57292.375,563.445313,198,
3,0.0,50909.125,65146.082031,1233.907227,38,
3,0.0,25809.869141,54726.769531,2076.191406,167,
3,0.0,61565.308594,23281.179688,6019.72168,60,
3,0.0,48094.339844,82379.320313,2171.085449,328,
3,0.0,70003.507813,5998.718262,6606.126953,31,
3,0.0,46079.382813,72689.085938,1482.226074,315,
3,0.0,11563.682617,80093.65625,1240.148438,240,
3,0.0,50995.257813,12686.520508,2053.083008,122,
3,0.0,48506.558594,47405.257813,2918.287598,74,
3,0.0,8875.027344,86969.109375,864.738281,311,
3,0.0,1344.328125,66041.273438,1327.72168,229,
3,0.0,99215.726563,35989.234375,1596.282227,80,
3,0.0,95465.757813,94979.703125,3461.352051,1,
3,0.0,849.049377,42430.933594,1579.765137,38,
3,0.0,77088.148438,10025.549805,3486.770996,282,
3,0.0,75885.320313,77457.289063,1669.541992,348,
3,0.0,97548.382813,93137.023438,4632.372559,318,
3,0.0,48798.804688,49475.582031,4324.843262,248,
3,0.0,63057.292969,50155.4375,536.42041,153,
3,0.0,20008.03125,69126.765625,1522.053711,48,
3,0.0,70877.164063,72753.6875,1043.805664,188,
3,0.0,1894.979736,85692.460938,860.194824,64,
3,0.0,97729.882813,61974.449219,860.402344,348,
3,0.0,67216.40625,87728.945313,1032.189941,224,
3,0.0,63441.828125,12637.299805,7327.528809,332,
3,0.0,55523.519531,90143.8125,632.178711,34,
3,0.0,80779.664063,74808.632813,2541.550293,109,
3,0.0,57689.210938,1153.599609,3907.448242,116,
3,0.0,5604.956543,91189.742188,1814.12793,349,
3,0.0,24130.228516,97148.46875,609.072266,214,
3,0.0,60802.394531,8548.942383,6766.762695,254,
3,0.0,86433.835938,93626.148438,620.889648,255,
3,0.0,64930.742188,34223.457031,2841.669434,97,
3,0.0,60202.523438,45664.089844,847.053711,160,
3,0.0,73073.617188,18734.458984,3896.226563,137,
3,0.0,93060.117188,94542.875,2891.95752,230,
3,0.0,67290.242188,55665.03125,790.976074,200,
3,0.0,54517.582031,33002.179688,5641.087891,41,
3,0.0,51825.847656,60747.023438,1503.476074,201,
3,0.0,60242.511719,84006.664063,1211.745605,342,
3,0.0,58356.757813,16919.462891,4892.959473,128,
3,0.0,59725.699219,14421.53418,5674.291016,302,
3,0.0,65149.15625,8161.333496,6658.434082,9,
3,0.0,6558.598145,48958.769531,1304.515137,54,
3,0.0,492.202515,39991.453125,1090.067383,119,
3,0.0,11268.361328,78214.054688,1465.60498,178,
3,0.0,57421.578125,3857.637451,4957.071289,106,
3,0.0,23871.822266,56787.863281,709.587891,169,
3,0.0,5669.558105,37065.925781,642.144531,81,
3,0.0,44873.488281,26689.681641,1019.128418,178,
3,0.0,66914.929688,44381.285156,672.875977,262,
3,0.0,75350.054688,31903.951172,697.89502,47,
3,0.0,47639.050781,92798.632813,526.756836,192,
3,0.0,60350.183594,68843.75,1378.613281,239,
3,0.0,87341.335938,78890.835938,5962.663086,189,
3,0.0,98052.890625,73888.828125,5024.174805,95,
3,0.0,13267.93457,82250.117188,984.435059,277,
3,0.0,100590.8125,81521.039063,7310.374023,136,
3,0.0,42295.578125,30790.34375,593.615234,100,
3,0.0,28221.662109,62303.609375,698.130859,166,
3,0.0,48777.269531,90962.101563,764.700195,357,
3,0.0,13243.324219,74002.648438,1653.364258,9,
3,0.0,5017.389648,51687.421875,1411.208008,80,
3,0.0,20429.480469,81019.617188,963.251953,85,
3,0.0,59021.234375,24690.109375,6830.418457,36,
3,0.0,50804.527344,45221.105469,2686.199707,208,
3,0.0,62632.769531,65755.179688,1160.382813,240,
3,0.0,3953.001465,55166.671875,1168.361328,157,
3,0.0,28218.585938,67770.132813,641.751465,147,
3,0.0,45577.953125,75276.21875,1420.151855,158,
3,0.0,94462.890625,42886.222656,1179.526367,20,
3,0.0,67074.898438,54465.289063,755.014648,337,
3,0.0,6007.946777,86593.804688,691.313965,299,
3,0.0,94712.070313,64918.4375,1113.444336,301,
3,0.0,61020.808594,51349.027344,1450.750977,24,
3,0.0,83372.953125,79792.179688,3939.996338,27,
3,0.0,56637.128906,52539.542969,3578.29248,158,
3,0.0,21358.513672,57947.617188,900.479004,249,
3,0.0,78903.140625,21503.097656,1428.352539,146,
3,0.0,53188.632813,62395.898438,1092.471191,323,
3,0.0,80625.851563,13286.391602,2267.529297,46,
3,0.0,93592.304688,100566.203125,1930.137207,109,
3,0.0,53791.582031,83452.9375,1561.357422,155,
3,0.0,87467.460938,1651.95459,2062.095215,137,
3,0.0,62998.847656,16584.148438,7096.908203,347,
3,0.0,41726.46875,65616.75,884.141113,287,
3,0.0,80856.570313,2934.757568,1664.484863,201,
3,0.0,50281.5625,45731.769531,2559.465332,355,
3,0.0,53960.777344,66588.84375,1160.433594,68,
3,0.0,19309.71875,58276.777344,905.545898,211,
3,0.0,98462.039063,63340.3125,1384.167969,333,
3,0.0,13600.170898,94373.679688,1513.433594,200,
3,0.0,66927.234375,19580.431641,7297.211914,231,
3,0.0,97117.710938,42141.765625,1433.524414,34,
3,0.0,70508.007813,75328.523438,1192.356445,188,
3,0.0,66121.257813,66616.53125,672.212402,176,
3,0.0,63134.203125,5466.523926,7105.913574,354,
3,0.0,8782.739258,85077.203125,642.358398,258,
3,0.0,83575.984375,20724.802734,482.673828,230,
4,0.0,59528.816406,87759.710938,906.479492,309,
4,1.0,100440.078125,78124.84375,7100.23291,191,
4,1.0,25416.107422,56501.773438,1044.666992,281,
4,0.0,62623.542969,75799.1875,1406.038574,140,
4,0.0,58218.332031,43716.8125,1259.92334,64,
4,0.0,83905.148438,75159.328125,3159.643555,147,
4,0.0,42446.3125,77580.34375,918.817383,275,
4,0.0,66598.078125,2248.750244,5825.09668,245,
4,1.0,8459.731445,79853.710938,1177.630371,227,
4,1.0,60802.394531,44344.371094,1025.96582,42,
4,0.0,79035.414063,224.567398,1945.163574,156,
4,0.0,51241.355469,42867.761719,3310.638184,232,
4,0.0,27726.384766,49127.964844,2226.635254,16,
4,0.0,43673.746094,33894.296875,2153.42041,74,
4,0.0,74156.460938,86999.875,1928.022949,333,
4,0.0,16980.986328,68280.796875,1379.660645,356,
4,0.0,72412.21875,82982.265625,1755.450195,240,
4,1.0,45396.453125,85892.414063,2160.234863,203,
4,0.0,41338.859375,65585.984375,809.992188,336,
4,1.0,62482.03125,20857.082031,5597.960449,306,
4,0.0,48983.378906,30205.853516,3445.638184,249,
4,1.0,57944.539063,38939.375,2937.61084,15,
4,1.0,56397.175781,16476.480469,4936.387695,103,
4,1.0,81594.867188,73731.9375,2402.933105,289,
4,0.0,11222.217773,80776.585938,1169.734375,269,
4,1.0,53677.761719,91303.570313,480.897949,294,
4,0.0,20823.242188,66505.789063,1321.44043,359,
4,1.0,65229.136719,29692.119141,4117.788574,149,
4,1.0,40871.265625,62823.5,909.46582,238,
4,0.0,98348.21875,26028.283203,2699.991211,266,
4,0.0,79586.070313,91638.875,1199.128418,336,
4,1.0,61103.863281,18343.773438,6061.958008,98,
4,0.0,51742.792969,36401.453125,5534.609375,278,
4,1.0,50463.0625,82022.476563,2157.495117,293,
4,1.0,91023.625,4663.618652,609.460449,267,
4,1.0,50389.234375,62894.25,1443.692871,179,
4,0.0,43882.929688,55692.714844,2738.5625,98,
4,0.0,16608.757813,78721.640625,1329.618652,142,
4,1.0,11425.250977,76909.71875,1553.9375,360,
4,0.0,99271.09375,22539.798828,1153.708984,95,
4,1.0,83456.015625,6294.040039,2187.186035,291,
4,1.0,36709.078125,36607.5625,551.581055,301,
4,0.0,12517.325195,66588.84375,1633.938477,189,
4,0.0,29510.617188,98308.226563,731.633789,213,
4,0.0,77054.304688,17617.773438,2364.799805,99,
4,1.0,45387.226563,29612.134766,1449.770508,168,
4,1.0,7921.384277,57366.203125,857.423828,87,
4,1.0,23471.908203,71597.007813,1097.07666,65,
4,1.0,88913.3125,92226.445313,1705.309082,68,
4,0.0,75257.765625,15076.77832,3811.370117,82,
4,0.0,11176.073242,63807.902344,1524.859863,209,
4,0.0,13941.635742,80628.929688,1167.692871,313,
4,1.0,58938.171875,62555.867188,1487.772949,52,
4,1.0,2980.901367,79592.21875,1306.408203,198,
4,0.0,55944.96875,23982.568359,6944.587402,166,
4,0.0,69911.21875,21017.046875,4761.481934,358,
4,1.0,23204.271484,97874.46875,670.460938,133,
4,0.0,77564.96875,94216.796875,498.664551,62,
4,0.0,37487.375,78035.632813,551.178711,112,
4,1.0,49767.828125,45651.785156,2644.462402,142,
4,0.0,18805.212891,75636.148438,1618.236328,282,
4,1.0,65622.898438,79216.914063,1688.279785,207,
4,1.0,12102.029297,91758.851563,1492.689941,214,
4,0.0,97286.90625,91626.570313,5367.032227,320,
4,0.0,98320.53125,79779.875,7549.98877,115,
4,0.0,45258.023438,52770.261719,2456.344238,347,
4,1.0,20503.3125,85258.703125,544.512695,245,
4,1.0,91457.382813,46005.554688,545.779785,265,
5,2.0,50170.820313,20171.074219,1419.492676,296,
5,2.0,64952.277344,62294.378906,975.922852,52,
5,0.0,224.567398,78878.53125,1280.025391,42,
5,2.0,44535.097656,88525.703125,1831.94873,207,
5,1.0,23911.814453,69883.53125,1137.926758,80,
5,2.0,57975.300781,68843.75,1254.253906,261,
5,1.0,42427.855469,74451.78125,865.131836,193,
5,2.0,64573.894531,40929.714844,1561.943359,136,
5,2.0,90743.6875,82188.585938,5984.408203,356,
5,0.0,23610.339844,81407.21875,536.04248,165,
5,2.0,21647.681641,79235.375,1040.840332,261,
5,0.0,96013.335938,93137.023438,4573.71582,38,
5,2.0,62115.960938,40096.046875,1939.750488,187,
5,2.0,23484.212891,100150.90625,829.010742,250,
5,1.0,85803.203125,14916.8125,2525.608887,274,
5,0.0,94339.84375,30291.990234,1138.579102,275,
5,0.0,69357.484375,36770.605469,1394.244141,296,
5,2.0,47362.1875,670.625916,487.13623,64,
5,2.0,7370.73291,36481.4375,562.370605,193,
5,1.0,6429.39502,85581.71875,667.040527,24,
5,2.0,66595.0,37896.519531,1882.812012,157,
5,0.0,33971.203125,82871.523438,725.140137,217,
5,1.0,10542.362305,40019.144531,565.717773,255,
6,0.0,64284.726563,75214.695313,1423.717285,355,
6,1.0,17442.425781,77934.117188,1420.864746,149,
6,2.0,59030.464844,45214.953125,958.781738,212,
6,2.0,46673.105469,89999.226563,1407.055176,71,
6,2.0,15236.745117,100397.007813,2366.375488,55,
6,1.0,7432.258301,73581.203125,1881.205566,298,
6,0.0,11652.895508,60974.664063,1018.119629,202,
6,0.0,9361.076172,58621.320313,712.16748,107,
6,2.0,47946.679688,30836.486328,3150.609375,3,
6,0.0,59654.945313,75103.953125,1107.768555,144,
6,2.0,68170.046875,55908.054688,587.961914,205,
6,0.0,94478.273438,90949.796875,5256.569336,274,
6,1.0,83625.210938,9256.483398,2366.662598,135,
6,2.0,81800.976563,75909.9375,2693.835938,3,
6,2.0,52822.558594,32134.669922,5514.621094,288,
6,2.0,59101.214844,67345.609375,1177.482422,265,
6,1.0,60205.597656,14320.017578,5690.652344,168,
6,2.0,13261.78125,82742.320313,933.585938,59,
6,1.0,9105.74707,59817.988281,830.914063,328,
6,1.0,37496.605469,88128.867188,1350.531738,137,
6,1.0,79887.546875,91205.125,1381.771484,53,
6,2.0,50364.625,80410.507813,2169.481934,173,
6,1.0,80238.242188,72313.773438,1688.362305,152,
7,1.0,48048.195313,25920.615234,1978.410156,203,
7,0.0,85440.203125,1276.650269,2039.516602,117,
7,2.0,3660.756348,48980.304688,1643.928223,243,
7,1.0,43323.050781,79084.640625,1576.109863,333,
7,1.0,100255.5,61568.382813,1174.100586,46,
7,1.0,68837.601563,24662.421875,4340.362793,265,
7,0.0,55991.109375,5054.304688,3976.511719,336,
7,1.0,781.371521,85461.742188,1004.817871,302,
7,2.0,33159.070313,82016.320313,588.301758,244,
7,2.0,6512.455078,74067.25,1792.085449,214,
7,2.0,62654.304688,79662.976563,1504.487305,14,
7,2.0,14710.703125,69957.359375,1612.96582,164,
7,0.0,65007.648438,84215.851563,1344.019531,223,
7,1.0,99843.28125,42963.125,1265.182617,28,
7,1.0,45033.453125,77955.648438,1539.659668,358,
7,2.0,60587.054688,55252.8125,3722.592285,163,
7,2.0,1559.666748,67351.765625,1261.804688,38,
7,2.0,88304.210938,11468.318359,662.936523,210,
7,0.0,63032.683594,76657.460938,1529.035156,15,
7,0.0,56861.699219,36678.316406,3818.27832,202,
7,0.0,2051.869385,50521.515625,1629.124023,89,
8,0.0,69612.820313,4718.991699,6312.30957,64,
8,0.0,41280.410156,53625.460938,4068.03833,349,
8,0.0,88079.640625,9853.279297,785.957031,59,
8,0.0,58895.105469,52985.601563,3610.17334,210,
8,0.0,55806.535156,44907.328125,1292.094727,33,
8,0.0,82566.96875,3125.486084,1988.715332,356,
8,0.0,20820.166016,53954.625,854.515625,65,
8,0.0,46365.476563,21979.919922,715.959961,258,
8,0.0,66028.96875,31285.623047,3276.239258,203,
8,0.0,19761.931641,99480.28125,770.499023,161,
8,0.0,51988.890625,72553.734375,1448.354004,199,
8,0.0,42861.609375,46506.984375,2973.111816,75,
8,0.0,85252.554688,14606.110352,3042.107422,122,
8,0.0,20521.769531,71218.632813,1470.978516,118,
8,0.0,92235.671875,37628.882813,961.303223,328,
8,0.0,28658.492188,63651.011719,672.535645,336,
8,0.0,87827.382813,11514.462891,879.925781,18,
8,0.0,22687.460938,53074.816406,994.927734,215,
8,0.0,80548.945313,2442.554932,1625.977539,20,
8,0.0,58372.140625,45873.273438,912.749023,349,
8,0.0,45910.1875,37016.707031,3198.763184,192,
8,0.0,41554.199219,77771.078125,820.791992,254,
8,0.0,65672.125,60986.96875,899.263672,268,
8,0.0,41424.996094,88344.203125,1910.368652,343,
8,0.0,71107.882813,9785.601563,7112.59375,269,
8,0.0,23714.933594,72639.867188,1042.738281,42,
8,0.0,10966.887695,76851.265625,1601.806641,92,
8,0.0,5100.448242,57803.035156,1243.77832,150,
8,0.0,11769.792969,93238.539063,1613.328125,45,
8,0.0,68234.65625,35050.972656,1876.091797,188,
8,0.0,83895.921875,20315.660156,511.634766,350,
8,0.0,55126.683594,78131.0,1780.480469,2,
8,0.0,96745.476563,45279.554688,901.016602,12,
8,0.0,49863.191406,1264.345215,493.060547,112,
8,0.0,47260.671875,56987.820313,2529.349121,117,
8,0.0,76177.570313,77109.679688,1690.877441,209,
8,0.0,28667.720703,47146.847656,1204.492188,106,
8,0.0,14446.144531,83357.570313,858.012695,91,
8,0.0,28338.560547,52702.585938,2709.268555,110,
8,0.0,92355.648438,32260.798828,505.935059,264,
8,0.0,85858.578125,85538.640625,3734.160645,74,
8,0.0,55071.3125,53567.015625,2225.101074,0,
8,0.0,72172.273438,72347.617188,1035.34375,326,
8,0.0,1042.854126,87993.507813,717.787598,281,
8,0.0,37441.230469,50349.238281,1339.125977,144,
8,0.0,84431.1875,72366.078125,2545.966309,99,
8,0.0,59399.617188,40089.894531,2218.353516,54,
8,0.0,43052.339844,77961.804688,1182.708984,265,
8,0.0,62435.890625,50927.582031,753.727051,52,
8,0.0,65275.285156,84772.65625,1328.584473,24,
8,0.0,78254.046875,3005.511475,1959.859375,43,
8,0.0,46279.339844,28040.162109,1550.10498,233,
8,0.0,67330.226563,34571.074219,2183.574707,69,
8,0.0,90974.40625,68043.921875,1084.644531,21,
8,0.0,38465.628906,45011.917969,636.600586,189,
8,0.0,60454.773438,79296.90625,1385.293457,205,
8,0.0,50063.148438,38194.914063,5470.306641,324,
8,0.0,65764.40625,9884.041992,7241.492676,175,
8,0.0,4958.94043,91122.070313,1693.849121,228,
8,0.0,54102.285156,12461.952148,3565.373047,346,
8,0.0,94595.171875,32177.740234,796.901367,56,
8,0.0,61543.773438,61971.375,1656.012695,307,
8,0.0,96391.710938,46196.28125,647.736328,67,
8,0.0,57941.464844,68926.8125,1258.507813,266,
8,0.0,38637.894531,79007.734375,1033.783203,98,
8,0.0,22007.605469,76131.429688,1112.65625,313,
8,0.0,44541.25,49930.867188,3785.088379,94,
8,0.0,64635.417969,35078.65625,2750.04248,94,
8,0.0,9136.508789,44855.03125,1110.614258,331,
8,0.0,70271.140625,5229.651855,6323.134766,263,
8,0.0,9539.5,92457.171875,1809.228516,53,
8,0.0,27443.367188,61777.570313,803.34375,260,
8,0.0,65773.640625,64626.1875,682.518555,47,
8,0.0,26019.054688,68899.125,947.937012,204,
8,0.0,67991.625,20094.167969,7798.912109,190,
8,0.0,1765.776489,56455.628906,1174.661621,248,
8,0.0,45211.875,69305.1875,1077.278809,174,
8,0.0,68671.484375,58892.03125,487.875977,217,
8,0.0,17177.867188,67025.671875,1292.85498,239,
8,0.0,60294.808594,72119.96875,1295.432617,285,
8,0.0,66108.953125,58673.617188,994.075195,133,
8,0.0,18091.519531,96025.640625,756.271484,230,
8,0.0,99932.492188,63131.128906,1577.13623,325,
8,0.0,12452.723633,73587.351563,1738.616211,108,
8,0.0,97972.914063,36687.546875,1471.257813,63,
8,0.0,33122.152344,84766.507813,643.088867,207,
8,0.0,57110.875,59778.0,1585.524902,16,
8,0.0,77528.054688,83274.515625,2525.489258,355,
8,0.0,68093.140625,3.076266,4635.916016,346,
8,0.0,2734.800049,51555.136719,1530.449707,290,
8,0.0,67533.265625,81388.757813,1505.942871,263,
8,0.0,76725.148438,19186.669922,2202.960449,1,
8,0.0,44947.320313,91992.648438,769.223145,111,
8,0.0,92857.085938,90036.140625,4640.601074,275,
8,0.0,14184.661133,83671.351563,825.621094,50,
8,0.0,16528.775391,73344.328125,1679.138672,186,
8,0.0,100037.085938,76771.289063,6997.320801,174,
8,0.0,6921.597656,78269.429688,1262.563965,193,
8,0.0,37382.78125,53582.394531,1148.405273,99,
9,0.0,7930.612793,67588.632813,1676.769043,318,
9,0.0,63152.660156,3011.664307,6602.421875,278,
9,0.0,53422.429688,87993.507813,1178.261719,304,
9,0.0,97342.273438,34297.285156,1066.404297,57,
9,0.0,84154.320313,3159.324951,2295.868652,184,
9,0.0,39207.007813,75894.546875,557.895508,108,
9,0.0,40732.835938,62537.410156,1050.025391,123,
9,0.0,81711.773438,80096.734375,3528.115234,290,
9,0.0,18525.271484,63903.269531,1211.067871,309,
9,0.0,243.024994,54877.507813,1202.106445,92,
9,0.0,48238.921875,50290.792969,4507.187012,29,
9,0.0,59670.328125,19475.839844,4542.176758,185,
9,0.0,48801.878906,44833.496094,2877.487305,45,
9,0.0,9238.025391,50213.886719,761.615723,33,
9,0.0,91645.03125,73839.609375,5125.770508,268,
9,0.0,66844.179688,72790.601563,998.458008,276,
9,0.0,55908.054688,40526.726563,3250.125977,349,
9,0.0,3989.916504,55028.246094,1169.443359,209,
9,0.0,91503.523438,95050.460938,2327.87793,91,
9,0.0,100390.859375,94435.210938,3201.621094,323,
9,0.0,85637.085938,6610.895508,2453.601563,314,
9,0.0,3946.849121,83216.070313,940.371582,32,
9,0.0,73402.78125,19878.830078,3481.956543,77,
9,0.0,13877.035156,88661.054688,1104.772461,265,
9,0.0,20318.736328,60137.917969,1085.605469,335,
9,0.0,13763.213867,59901.046875,720.679688,138,
9,0.0,28513.908203,99089.59375,827.726074,313,
9,0.0,44030.589844,54219.179688,2699.377441,284,
9,0.0,845.973083,100301.640625,6161.262695,244,
10,0.0,35675.453125,87605.898438,1017.21582,112,
10,0.0,58685.921875,48534.246094,747.300293,21,
10,0.0,55228.203125,82474.6875,1557.757813,18,
10,0.0,78435.546875,83772.875,2404.538086,276,
10,0.0,90709.851563,88181.15625,4144.410645,205,
10,0.0,44282.847656,84271.226563,2159.068848,94,
10,0.0,53179.40625,55425.082031,1198.882813,236,
10,0.0,20075.710938,100400.085938,809.284668,123,
10,0.0,58202.949219,60906.984375,1628.896484,117,
10,0.0,47119.164063,58799.746094,2447.09082,69,
10,0.0,7324.588867,79862.9375,1069.000488,347,
10,0.0,78724.71875,28264.728516,726.878906,273,
10,0.0,84948.0,4091.43335,2328.805176,33,
10,0.0,68763.765625,12538.859375,7293.465332,267,
10,0.0,49980.089844,1821.149292,630.074219,349,
10,0.0,79613.757813,92850.929688,674.876953,22,
10,0.0,61762.1875,20084.939453,5305.780273,193,
10,0.0,95382.695313,27858.662109,1653.682617,257,
10,0.0,57190.855469,4242.17041,5061.605469,192,
10,0.0,92497.15625,12889.553711,754.604492,178,
10,0.0,44396.667969,35813.886719,2453.484863,35,
10,0.0,21992.224609,72353.773438,1202.318359,182,
10,0.0,40483.65625,87990.429688,1773.258301,328,
10,0.0,54456.058594,48635.761719,1309.782715,9,
10,0.0,73802.695313,74596.367188,1138.828125,46,
10,0.0,77688.015625,12440.418945,3259.995605,33,
10,0.0,1421.234741,79339.96875,1381.658691,157,
10,0.0,42563.210938,81511.8125,2015.599121,51,
10,0.0,18266.865234,85658.617188,672.080078,197,
10,0.0,37241.273438,88534.929688,1275.296875,6,
10,0.0,60743.945313,43892.160156,1114.63623,243,
10,0.0,60805.46875,25022.345703,6355.115234,139,
10,0.0,23684.169922,53379.363281,2037.52832,180,
10,0.0,60153.304688,22656.697266,5936.761719,168,
10,0.0,19866.525391,84929.539063,613.236816,333,
10,0.0,94967.398438,45279.554688,856.775879,334,
10,0.0,5041.999512,97806.796875,4969.729492,299,
10,0.0,66105.875,37545.824219,2038.108887,44,
10,0.0,56547.914063,35204.785156,4203.69873,335,
10,0.0,9397.992188,87418.242188,971.10498,0,
10,0.0,74273.359375,24219.439453,2510.974121,137,
10,0.0,69926.59375,84769.578125,1406.05127,218,
10,0.0,3759.197021,52241.144531,1443.929688,16,
10,0.0,78638.578125,93253.921875,651.462402,4,
10,0.0,12009.741211,74605.59375,1691.468262,268,
10,0.0,10613.116211,40735.910156,613.13623,167,
10,0.0,59175.050781,53674.6875,3414.124023,301,
10,0.0,84585.007813,6940.055664,2416.130859,137,
10,0.0,45291.859375,35604.699219,2723.805176,314,
10,0.0,71175.5625,41141.976563,562.890625,10,
10,0.0,85640.164063,6180.217773,2396.812988,93,
10,0.0,77321.9375,24305.576172,1528.073242,271,
10,0.0,22124.503906,75765.351563,1092.44873,308,
10,0.0,91737.320313,44805.808594,719.063477,225,
10,0.0,46405.46875,64549.285156,1636.021484,68,
10,0.0,59411.921875,54243.796875,3566.783691,266,
10,0.0,44815.039063,71535.484375,1116.547852,276,
10,0.0,5915.65918,91660.414063,1982.206055,109,
10,0.0,21244.691406,73227.429688,1247.771484,40,
10,0.0,33202.136719,87150.609375,619.391602,253,
10,0.0,85683.226563,79752.1875,5295.104492,306,
10,0.0,13037.214844,75057.804688,1613.197266,247,
10,0.0,36213.800781,5032.770996,576.371582,46,
10,0.0,18494.509766,84772.65625,688.88623,349,
10,0.0,57092.417969,85311.0,1191.591309,233,
10,0.0,49041.828125,48226.617188,3260.85791,140,
10,0.0,47823.628906,65266.058594,1478.522949,77,
10,0.0,26726.597656,49340.226563,1426.659668,48,
10,0.0,51484.386719,74507.15625,2033.726563,7,
10,0.0,3014.740479,75934.546875,1214.680664,186,
10,0.0,82379.320313,75879.171875,2781.395996,327,
10,0.0,21060.115234,54474.515625,998.711914,316,
10,0.0,88824.09375,67253.328125,692.258301,339,
10,0.0,18992.865234,66542.703125,1341.367188,90,
10,0.0,8348.985352,48349.667969,1114.194336,351,
10,0.0,46971.5,59408.847656,2355.106445,257,
10,0.0,64133.988281,5008.160645,7339.083984,139,
10,0.0,72046.140625,74873.226563,1184.568359,10,
10,0.0,79512.242188,90380.6875,1692.85791,328,
10,0.0,59864.132813,10551.591797,6115.318359,196,
10,0.0,55778.847656,87239.820313,1047.103027,238,
10,0.0,3882.247559,50410.765625,1589.178711,1,
10,0.0,13086.43457,92401.789063,1470.947754,40,
10,0.0,66016.664063,22748.984375,5536.728516,327,
10,0.0,4346.763184,98203.632813,6111.09082,164,
10,0.0,66075.117188,52539.542969,675.256836,307,
10,0.0,47974.363281,24865.455078,1988.36377,58,
10,0.0,3749.968018,80216.703125,1218.751953,99,
10,0.0,92152.617188,76362.148438,6063.756836,154,
10,0.0,92712.5,79361.5,6892.178711,60,
10,0.0,77774.148438,15962.742188,2460.275879,326,
10,0.0,56775.558594,11862.081055,5040.625,290,
10,0.0,87888.90625,69385.171875,949.615234,15,
10,0.0,93290.835938,95665.710938,2639.574707,150,
10,0.0,52028.882813,20712.498047,2401.086914,299,
10,0.0,8447.425781,68468.445313,1793.919922,184,
10,0.0,93626.148438,76137.578125,5965.419922,20,
10,0.0,4943.559082,88974.835938,1027.213867,37,
10,0.0,69858.921875,33485.152344,1627.72998,335,
10,0.0,80724.289063,101.516769,1529.337891,106,
10,0.0,83797.484375,91020.546875,1371.099609,96,
10,0.0,56000.339844,11142.234375,4681.80957,295,
11,0.0,48577.3125,3227.002686,517.098633,316,
11,0.0,52474.945313,77281.953125,2128.541504,250,
11,0.0,69188.289063,36816.75,1432.405762,347,
11,0.0,12031.275391,61716.039063,1117.669922,218,
11,0.0,5786.455566,86009.3125,653.024902,358,
11,0.0,96071.78125,89999.226563,5873.696289,0,
11,0.0,59387.3125,72682.929688,1210.443848,52,
11,0.0,83357.570313,16374.962891,1895.990723,81,
11,0.0,59811.835938,10625.421875,6020.573242,167,
11,0.0,15153.685547,63654.089844,1211.428223,104,
11,0.0,100415.46875,61445.332031,1159.98584,321,
11,0.0,88657.976563,4229.865723,2374.123535,128,
11,0.0,92041.875,45833.285156,622.350098,279,
11,0.0,2685.579834,40619.015625,1428.683594,257,
11,0.0,45547.191406,43172.316406,3162.366699,266,
11,0.0,24231.744141,98929.625,762.848633,85,
11,0.0,92112.625,31196.412109,523.618164,138,
11,0.0,77666.476563,11212.989258,3561.647949,44,
11,0.0,3463.875488,38413.328125,819.389648,61,
11,0.0,67530.1875,10680.794922,7808.261719,12,
11,0.0,61891.386719,63398.761719,1312.222656,119,
11,0.0,3737.663086,51182.910156,1544.123535,257,
11,0.0,60137.917969,61411.492188,1750.92334,59,
11,0.0,61091.558594,55129.757813,4080.524902,246,
11,0.0,38481.007813,79346.125,1101.018066,277,
11,0.0,47036.105469,43766.035156,2957.127441,149,
11,0.0,68533.046875,39917.625,1188.782715,107,
11,0.0,89048.664063,71621.617188,2484.689453,336,
11,0.0,55114.378906,47925.144531,1169.144043,2,
11,0.0,1741.166382,66819.5625,1339.624512,22,
11,0.0,46848.453125,39945.3125,3921.304199,292,
11,0.0,45273.402344,30193.548828,1513.438965,88,
11,0.0,75482.328125,92355.648438,565.55957,93,
11,0.0,82437.773438,72138.429688,1897.702148,359,
11,0.0,14904.507813,72775.21875,1686.150391,337,
11,0.0,41634.179688,34100.40625,675.900879,208,
11,0.0,60291.730469,79410.71875,1388.786133,290,
11,0.0,3383.892334,94773.59375,2236.831055,32,
11,0.0,18811.365234,78506.304688,1326.660156,119,
11,0.0,55391.238281,56809.402344,1605.690918,13,
11,0.0,31384.064453,99609.484375,939.410156,134,
11,0.0,25652.980469,47165.304688,1354.225098,72,
11,0.0,57636.917969,70043.5,1298.25,32,
11,0.0,94232.171875,37395.085938,1224.436035,37,
11,0.0,64232.425781,70086.5625,1301.832031,359,
11,0.0,84452.726563,91334.328125,1222.807617,10,
11,0.0,92531.0,30661.138672,649.948242,109,
11,0.0,22745.908203,55154.367188,1259.219727,87,
11,0.0,3663.83252,95284.257813,2500.270508,334,
11,0.0,46220.894531,30375.048828,2368.035645,229,
11,0.0,69662.039063,516.812622,5075.488281,255,
11,0.0,82637.726563,87245.96875,1960.926758,157,
11,0.0,100283.1875,62620.464844,1482.538086,181,
11,0.0,42956.972656,66736.507813,1080.42041,244,
11,0.0,24991.583984,63263.402344,1010.760742,112,
11,0.0,13058.748047,71289.382813,1750.179688,249,
11,0.0,61836.015625,78244.820313,1493.23291,319,
11,0.0,57569.234375,8718.136719,4790.661621,143,
12,0.0,94607.476563,78201.75,7316.25,282,
12,0.0,49244.863281,72873.65625,1588.568359,270,
12,0.0,57815.339844,9908.652344,5068.075195,202,
12,0.0,96444.007813,37718.09375,1427.829102,148,
12,0.0,61439.179688,74590.21875,1235.098633,253,
12,0.0,698.312317,76869.726563,1160.910645,93,
12,0.0,5611.108887,89251.695313,1161.611328,121,
12,0.0,4146.806152,54296.09375,1201.650879,192,
12,0.0,28209.357422,69003.710938,628.720703,145,
12,0.0,71923.09375,81742.53125,1854.39502,14,
12,0.0,82650.03125,84317.367188,2892.304688,48,
12,0.0,23035.078125,97662.210938,650.864258,355,
12,0.0,25237.683594,51038.324219,1733.657715,44,
12,0.0,716.769897,57027.816406,1229.90625,69,
12,0.0,46540.824219,38468.703125,3952.682129,125,
12,0.0,58279.855469,18897.5,4325.034668,5,
12,0.0,49780.132813,48761.886719,3490.405762,266,
12,0.0,41240.417969,44836.570313,2178.21875,175,
12,0.0,22112.197266,73784.234375,1151.711914,340,
12,0.0,43000.042969,54859.050781,2720.026855,333,
12,0.0,522.965149,55498.910156,1175.387695,75,
12,0.0,61992.90625,13646.314453,6210.586914,4,
12,0.0,84317.367188,8176.714355,2435.473145,166,
12,0.0,65133.777344,30959.537109,3675.387207,345,
12,0.0,43544.539063,93207.773438,599.298828,355,
12,0.0,78069.476563,7263.063477,2553.950195,154,
12,0.0,97339.195313,93152.40625,4632.014648,227,
12,0.0,39493.097656,44049.046875,710.642578,349,
12,0.0,97360.734375,25902.158203,2286.682129,143,
12,0.0,78266.359375,3165.477295,1951.824707,77,
12,0.0,9401.068359,41827.984375,879.5,96,
12,0.0,39490.023438,81893.273438,1698.027344,129,
12,0.0,10194.744141,41932.578125,768.17627,3,
12,0.0,8112.113281,66428.882813,1540.708984,18,
12,0.0,84006.664063,10628.498047,2204.26709,24,
12,0.0,8170.562012,64810.765625,1268.46875,267,
12,0.0,70947.914063,78961.585938,1810.962402,208,
12,0.0,50906.046875,49995.472656,3198.86377,10,
12,0.0,58286.007813,23299.636719,6127.629883,20,
12,0.0,56378.71875,29098.398438,7258.699219,228,
12,0.0,54902.117188,19014.398438,3078.04248,98,
12,0.0,13723.22168,69108.3125,1632.85498,91,
12,0.0,95678.015625,41637.257813,1413.279297,342,
12,0.0,91020.546875,38690.195313,832.416992,357,
12,0.0,98440.507813,68465.375,2716.975586,94,
12,0.0,26911.171875,47232.984375,1446.362305,8,
12,0.0,46079.382813,38637.894531,3931.428711,303,
12,0.0,51924.292969,57424.65625,1520.422852,344,
12,0.0,91426.617188,94899.71875,2352.241211,208,
12,0.0,98991.15625,39754.582031,1823.174805,83,
12,0.0,46583.890625,61306.898438,1850.321289,210,
12,0.0,28409.316406,99068.0625,826.16748,115,
12,0.0,15046.016602,89362.445313,1080.830566,129,
12,0.0,21693.826172,77977.1875,1115.258789,41,
12,0.0,77383.460938,22782.824219,1621.020996,3,
12,0.0,99064.984375,83188.382813,7250.092285,167,
12,0.0,22041.445313,69151.375,1366.286133,72,
12,0.0,72027.6875,71203.25,875.176758,54,
12,0.0,39311.597656,86129.289063,1648.345215,246,
12,0.0,37287.417969,83760.5625,1313.256836,239,
12,0.0,84086.648438,18623.712891,748.699219,333,
12,0.0,63048.066406,2553.300537,6244.705078,359,
12,0.0,45381.074219,52717.96875,2369.13623,264,
12,0.0,7619.910645,42375.558594,1149.492676,210,
12,0.0,69822.007813,21210.851563,4722.466309,20,
12,0.0,87873.53125,71947.703125,2609.654297,215,
12,0.0,4066.823242,88587.226563,887.843262,17,
12,0.0,37447.382813,50081.605469,1411.091309,57,
12,0.0,29532.150391,99575.648438,882.810547,225,
12,0.0,65450.628906,72172.273438,1221.251465,166,
12,0.0,50549.199219,86230.804688,1840.612793,41,
12,0.0,90654.476563,96348.640625,1677.251953,269,
12,0.0,3500.790283,96244.054688,2842.012207,147,
12,0.0,88411.875,8010.596191,996.506348,46,
12,0.0,75906.859375,25674.513672,1788.976074,338,
12,0.0,62688.140625,20460.244141,5625.950195,324,
12,0.0,68348.46875,89008.671875,791.93457,193,
12,0.0,51505.917969,27511.042969,5730.253906,208,
12,0.0,36146.121094,100720.015625,801.8125,225,
12,0.0,74620.976563,7127.708008,4902.530273,162,
12,0.0,49983.167969,89356.289063,1310.584961,216,
12,0.0,46334.714844,34112.710938,3061.525391,258,
12,0.0,55486.605469,67216.40625,1165.029297,211,
12,0.0,56320.273438,22524.417969,5853.28125,175,
12,0.0,41566.503906,80576.625,1918.541016,295,
12,0.0,20380.259766,67865.5,1395.958008,214,
12,0.0,75451.570313,3737.663086,4035.124512,280,
12,0.0,99781.757813,96225.59375,2980.834473,14,
12,0.0,94450.585938,28092.457031,1312.654297,267,
12,0.0,86393.851563,93570.773438,618.033203,53,
12,0.0,91654.265625,67419.4375,1167.865234,288,
12,0.0,61282.289063,66370.429688,1190.731934,242,
12,0.0,66653.453125,55689.640625,933.699219,101,
12,0.0,70831.023438,85000.296875,1441.90625,353,
12,0.0,87538.21875,87919.679688,2853.742676,119,
12,0.0,28144.755859,97975.992188,704.967285,286,
12,0.0,69068.320313,31371.759766,2306.458496,26,
12,0.0,75949.929688,22853.578125,2074.519043,151,
12,0.0,87058.320313,78506.304688,5670.121094,25,
13,1.0,7906.00293,72867.507813,1909.027344,123,
13,2.0,88599.53125,68600.726563,746.918945,125,
13,2.0,42071.007813,25748.345703,473.91748,112,
13,0.0,52339.585938,30092.033203,5603.935547,64,
13,0.0,94982.78125,69477.460938,2531.214844,345,
13,1.0,69905.0625,31467.123047,2037.369629,141,
13,1.0,89067.117188,87332.109375,3319.142578,168,
13,2.0,59538.046875,53573.167969,3412.501465,284,
13,2.0,55111.300781,79662.976563,1922.320801,169,
13,2.0,6170.989258,95687.25,3047.575684,182,
13,2.0,62811.195313,51988.890625,1763.23584,114,
13,2.0,95385.765625,78697.03125,7525.789551,215,
13,2.0,87735.101563,11326.810547,908.852051,12,
13,0.0,68293.101563,75107.023438,1185.051758,89,
13,0.0,25148.472656,64496.988281,1018.639648,332,
13,2.0,74174.921875,11674.428711,6097.038086,83,
13,2.0,63395.683594,12108.181641,7162.336914,213,
13,1.0,66853.40625,25345.351563,4857.43457,53,
13,0.0,52899.46875,6638.581543,1248.727539,180,
13,1.0,89571.632813,94459.820313,1556.186523,189,
13,0.0,63001.921875,61611.449219,1557.213379,179,
13,0.0,54862.125,23219.654297,5748.080078,286,
13,2.0,92164.921875,87898.140625,5328.337891,168,
13,0.0,48678.828125,19851.142578,860.016602,162,
13,0.0,26575.859375,54920.574219,1757.68457,192,
13,0.0,62894.25,5814.14209,7076.473145,69,
13,0.0,53157.871094,76337.539063,2126.679199,44,
13,0.0,72289.164063,80385.898438,1979.260254,269,
14,0.0,3725.35791,95693.398438,2675.78418,220,
14,1.0,15473.616211,89790.046875,1058.310547,42,
14,0.0,46211.664063,2325.656982,517.156738,256,
14,0.0,1424.311035,48525.015625,1677.115234,348,
14,0.0,64746.167969,16654.902344,7285.153809,245,
14,0.0,55883.445313,64038.621094,1165.407227,280,
14,1.0,18592.951172,74104.164063,1679.95166,211,
14,0.0,78777.015625,18746.763672,1653.25,269,
14,0.0,54289.941406,9204.1875,3316.35791,91,
14,1.0,39788.421875,62217.476563,738.293945,108,
14,0.0,60980.816406,53822.34375,3078.607422,170,
14,0.0,99268.015625,78878.53125,6993.016602,102,
14,0.0,76958.9375,3900.705078,2885.253418,41,
14,0.0,44808.886719,88777.953125,1757.894043,237,
14,1.0,82616.195313,79010.804688,3429.974121,75,
14,0.0,82105.53125,75826.875,2723.555176,160,
14,0.0,56661.738281,51330.570313,2720.748047,120,
14,0.0,69145.226563,3242.384277,6006.375977,323,
14,1.0,64192.4375,70754.109375,1330.395996,18,
14,0.0,28855.373047,51518.222656,2877.702637,360,
14,0.0,85957.023438,75891.476563,4229.188965,28,
14,0.0,52314.976563,44365.90625,2645.178223,32,
14,0.0,49044.902344,52604.144531,2738.401855,322,
14,1.0,30990.300781,58304.464844,508.039063,167,
14,0.0,87033.710938,69637.429688,964.569336,358,
14,0.0,70181.921875,25185.388672,3764.936035,272,
15,0.0,12824.952148,72473.742188,1766.05127,83,
15,0.0,81554.882813,77854.132813,2859.720215,1,
15,0.0,70871.007813,41883.355469,537.69873,219,
15,0.0,53019.4375,23305.791016,4449.914551,216,
15,0.0,17851.570313,89433.195313,544.726563,135,
15,0.0,470.668671,97019.273438,2426.200195,299,
15,0.0,18306.857422,98545.101563,970.262207,332,
15,0.0,16568.767578,87658.1875,760.874023,169,
15,0.0,95321.171875,78389.40625,7328.384766,164,
15,0.0,44645.847656,82311.640625,2109.001465,103,
15,0.0,61968.296875,87070.625,1002.053711,100,
15,0.0,7521.470215,89196.328125,1246.400391,110,
15,0.0,90580.648438,71966.164063,3111.841309,317,
15,0.0,48635.761719,73938.046875,1713.595215,210,
15,0.0,43064.644531,88051.953125,2075.396484,194,
15,0.0,88464.171875,68243.882813,708.084961,80,
15,0.0,13680.154297,93041.664063,1465.383789,114,
15,0.0,64247.808594,71412.4375,1338.761719,293,
15,0.0,89627.0,83668.273438,5142.901367,287,
15,0.0,41997.179688,60171.761719,1466.574219,255,
15,0.0,44467.421875,77177.351563,1271.336914,185,
15,0.0,48663.445313,83566.757813,2153.42627,29,
15,0.0,93100.109375,95954.882813,2499.472168,173,
15,0.0,25363.8125,78521.6875,552.288086,349,
16,0.0,71612.390625,33638.96875,1142.776367,253,
16,1.0,77903.359375,25123.861328,1303.731934,206,
16,2.0,61851.398438,28258.576172,5864.355469,234,
16,0.0,41806.453125,82050.164063,2068.755371,222,
16,3.0,41787.992188,38505.617188,1592.595703,326,
16,2.0,12234.308594,89334.757813,1262.61377,220,
16,1.0,86258.492188,70034.265625,1148.650879,60,
16,1.0,3430.036377,90082.289063,1282.600098,107,
16,3.0,54502.203125,18029.992188,3035.64502,146,
16,0.0,98661.992188,37358.171875,1679.942383,304,
16,3.0,61426.875,88448.789063,724.931152,114,
16,0.0,65952.0625,87581.289063,1048.719238,112,
16,0.0,66407.34375,22601.324219,5786.609375,107,
16,3.0,73190.515625,82367.015625,1903.130371,342,
16,2.0,72079.984375,25249.988281,3097.507324,65,
16,2.0,79899.851563,25951.378906,503.448242,30,
16,0.0,89214.78125,18.457594,1970.149902,305,
16,2.0,49583.253906,68271.570313,1188.490234,112,
16,1.0,79752.1875,88547.234375,1995.839355,239,
16,2.0,66299.679688,57015.511719,1014.598633,273,
16,0.0,95994.875,85898.570313,7776.864258,348,
16,2.0,84394.273438,73276.648438,2917.733887,162,
16,1.0,62632.769531,81905.578125,1211.771973,63,
16,0.0,65207.605469,68637.640625,1071.867676,64,
16,0.0,98575.859375,79933.6875,7509.126953,128,
16,2.0,566.032898,42572.441406,1500.117188,256,
16,2.0,71230.9375,7223.072266,6628.949219,252,
17,0.0,2174.919922,91525.0625,1352.046875,245,
17,0.0,25702.199219,45014.996094,513.160645,143,
17,0.0,63580.261719,85658.617188,1196.868164,254,
17,0.0,100027.859375,85209.484375,6570.239746,328,
17,0.0,93053.96875,94136.804688,2977.437988,347,
17,0.0,16556.460938,58698.226563,747.945313,323,
17,0.0,48432.726563,90497.585938,977.144043,266,
17,0.0,69560.515625,39662.292969,1025.078613,320,
17,0.0,75580.773438,24536.294922,2032.443848,15,
17,0.0,16338.047852,93832.257813,1051.462402,100,
17,0.0,63534.117188,59922.578125,2081.356934,338,
17,0.0,28203.203125,99723.3125,877.59668,309,
17,0.0,8524.332031,83932.835938,706.838379,169,
17,0.0,38865.542969,87532.070313,1576.713867,15,
17,0.0,64509.292969,68047.0,1133.333984,259,
17,0.0,29378.335938,56064.945313,2493.733398,99,
17,0.0,7533.774902,89387.054688,1283.176758,49,
17,0.0,67022.601563,36696.773438,1976.111816,130,
17,0.0,58233.710938,56092.628906,2664.003418,205,
17,0.0,62611.238281,45568.726563,748.309082,308,
17,0.0,83692.882813,69249.820313,629.955078,48,
17,0.0,54385.300781,60922.363281,1331.368164,216,
17,0.0,23693.398438,66133.5625,1136.76709,110,
17,0.0,53148.644531,47802.09375,1607.75,185,
18,0.0,94465.96875,67274.859375,1782.533691,261,
18,0.0,100793.84375,88697.976563,5898.480469,293,
18,0.0,6512.455078,70954.070313,1684.307129,239,
18,0.0,52398.035156,5761.845703,551.266113,324,
18,0.0,57938.386719,74510.226563,1165.352539,335,
18,0.0,62854.261719,22367.527344,5860.529297,215,
18,0.0,43446.101563,80225.929688,1849.905273,189,
18,0.0,47242.214844,47562.144531,3182.526855,156,
18,0.0,64829.222656,28261.652344,4795.312988,150,
18,0.0,49918.5625,19282.033203,1061.701172,119,
18,0.0,7755.265625,89414.742188,1297.666504,86,
18,0.0,92906.304688,40012.988281,1180.258789,187,
18,0.0,68597.648438,28403.164063,3388.02002,20,
18,0.0,21733.818359,77069.679688,1154.289063,45,
18,0.0,59701.089844,64524.675781,1254.52002,53,
18,0.0,50847.59375,85517.109375,1869.884277,236,
18,0.0,37518.136719,83788.25,1364.437988,315,
18,0.0,26277.462891,68951.421875,906.852051,293,
18,0.0,69009.875,87285.960938,1328.325684,22,
18,0.0,88033.5,67770.132813,650.293945,259,
18,0.0,40874.34375,79176.929688,1403.34082,125,
18,0.0,90380.6875,68262.335938,958.431152,331,
18,0.0,90925.1875,99852.507813,1245.931641,59,
18,0.0,74660.96875,33672.804688,517.47168,355,
18,0.0,39880.707031,74953.21875,632.90918,3,
18,0.0,36364.535156,47417.5625,766.038574,178,
19,0.0,97846.78125,75476.179688,5409.754883,111,
19,0.0,24687.033203,75122.414063,909.417969,295,
19,0.0,78410.9375,79306.132813,3076.684082,107,
19,0.0,15935.056641,78051.015625,1384.189453,183,
19,0.0,8976.543945,69363.640625,1882.904297,341,
19,0.0,62728.136719,17999.230469,7082.236816,274,
19,0.0,633.710754,44655.074219,1611.126953,144,
19,0.0,95428.84375,73941.125,5166.614258,146,
19,0.0,71372.445313,89147.109375,1171.811523,126,
19,0.0,40908.183594,48891.09375,1600.19043,335,
19,0.0,67693.226563,34694.125,2068.206543,271,
19,0.0,2799.401855,54532.964844,1252.116211,93,
19,0.0,49835.503906,24447.083984,2915.243652,269,
19,0.0,54926.726563,16445.716797,3806.255859,157,
19,0.0,3020.893066,90229.945313,1280.34082,162,
19,0.0,99747.921875,73208.976563,6163.15625,2,
19,0.0,86430.765625,446.058533,2097.834473,86,
19,0.0,42357.101563,75313.140625,822.802246,167,
19,0.0,63521.8125,67591.710938,1200.231445,111,
19,0.0,96388.640625,42061.78125,1424.570313,111,
19,0.0,74947.0625,85412.523438,2047.679199,157,
19,0.0,6167.912598,41329.628906,1210.988281,316,
19,0.0,93936.851563,92472.546875,4149.093262,30,
19,0.0,30774.962891,98745.054688,806.762695,169,
19,0.0,28197.050781,97606.835938,652.605469,151,
19,0.0,44024.4375,83668.273438,2143.455566,351,
19,0.0,5398.84668,93604.609375,2367.246582,284,
19,0.0,58928.945313,28129.375,7368.326172,313,
20,1.0,39114.71875,54317.625,2876.73877,66,
20,0.0,68234.65625,38105.703125,1506.369141,85,
20,1.0,7650.672852,90054.601563,1437.933594,144,
20,1.0,67677.851563,89205.554688,626.009766,354,
20,0.0,48789.574219,76537.492188,2040.811035,91,
20,1.0,41803.375,61030.035156,1495.147461,13,
20,1.0,63589.488281,13390.984375,7286.428223,25,
20,0.0,59221.191406,25757.574219,7313.169434,331,
20,1.0,63180.347656,40723.605469,1724.271973,277,
20,0.0,41975.644531,70554.15625,877.753418,82,
20,0.0,89036.359375,70680.28125,1844.499512,70,
20,0.0,69000.640625,7635.291504,7416.265625,294,
20,0.0,52819.480469,39597.691406,4236.335449,30,
20,0.0,93333.90625,36641.402344,978.619141,214,
20,1.0,72593.71875,12972.613281,6790.642578,202,
20,0.0,14726.083984,69582.054688,1589.629883,169,
20,0.0,51293.65625,42424.78125,3391.725586,101,
20,0.0,88421.109375,66518.09375,624.630371,304,
20,1.0,33531.296875,88147.320313,605.960449,200,
20,0.0,50902.972656,24317.880859,3638.004883,47,
20,1.0,30132.023438,50349.238281,1228.057617,65,
21,0.0,51579.746094,41969.492188,3572.141113,198,
21,0.0,6420.166504,93552.320313,2507.21875,278,
21,0.0,28255.5,57584.617188,1087.708008,193,
21,0.0,54612.945313,85729.375,1292.77832,147,
21,0.0,17276.308594,77891.054688,1421.208984,34,
21,0.0,85557.109375,71483.1875,2085.242676,18,
21,0.0,2054.945557,73888.828125,1077.870117,143,
21,0.0,22693.613281,59861.054688,988.201172,136,
21,0.0,51564.367188,36678.316406,5414.678711,215,
21,0.0,46420.851563,1611.963257,725.263184,250,
21,0.0,98566.632813,84784.960938,6991.644043,334,
21,0.0,41194.273438,59888.742188,1591.821777,144,
21,0.0,86350.78125,8361.290039,2593.10791,96,
21,0.0,60605.511719,43381.5,1223.349609,160,
21,0.0,13846.271484,91694.257813,1344.768066,266,
21,0.0,79023.109375,70474.171875,567.984863,255,
21,0.0,77651.101563,6693.954102,2603.627441,65,
21,0.0,47392.949219,29372.183594,2702.203613,224,
21,0.0,86310.789063,93441.578125,616.731934,163,
21,0.0,60128.6875,69342.101563,1388.601074,200,
21,0.0,4925.101563,82526.976563,988.26709,338,
21,0.0,34417.261719,84154.320313,824.607422,3,
21,0.0,98206.710938,38973.210938,1648.491211,244,
21,0.0,99618.710938,92207.984375,4497.008789,254,
21,0.0,96065.625,39769.964844,1482.453125,89,
21,0.0,28907.669922,51936.597656,2512.07959,326,
22,0.0,91706.5625,93020.117188,2912.836426,124,
22,0.0,63758.683594,42261.738281,1330.397949,301,
22,0.0,73132.0625,69588.203125,570.516602,349,
22,0.0,86384.617188,1670.412354,2077.593262,40,
22,0.0,98197.484375,44984.234375,839.870605,151,
22,0.0,82594.664063,73947.28125,2578.345703,66,
22,0.0,57627.6875,80512.03125,1614.95459,279,
22,0.0,53360.90625,3057.808105,1158.0,85,
22,0.0,12114.333984,46703.867188,526.616211,15,
22,0.0,94841.273438,91177.4375,5325.959961,194,
22,0.0,26828.115234,72953.648438,706.15625,179,
22,0.0,787.524048,98975.773438,4842.309082,140,
22,0.0,50964.496094,23468.832031,3195.445313,43,
22,0.0,75977.609375,74319.5,1241.666992,102,
22,0.0,87532.070313,77860.28125,5792.870117,134,
22,0.0,50681.476563,63814.054688,1331.977539,137,
22,0.0,47522.152344,73270.5,1583.731934,49,
22,0.0,3128.562256,96234.820313,2770.782715,355,
22,0.0,79118.476563,87205.984375,2030.496094,75,
22,0.0,5967.955566,98837.34375,7480.360352,97,
22,0.0,86735.3125,74867.078125,4449.997559,130,
22,0.0,97674.515625,84618.84375,7465.578125,183,
22,0.0,29313.736328,56203.371094,2546.17334,183,
22,0.0,60630.121094,85895.492188,1131.263672,200,
22,0.0,52696.433594,47113.011719,1728.529297,282,
23,0.0,4866.652832,40563.640625,1217.421387,48,
23,1.0,95727.234375,99707.921875,2236.078125,31,
23,1.0,87002.945313,69941.976563,1067.530273,147,
23,0.0,47666.738281,32153.130859,3586.232422,152,
23,0.0,75020.890625,10573.125977,5961.09375,245,
23,0.0,39330.058594,84289.679688,1702.783203,63,
23,0.0,10053.236328,60531.679688,983.837402,246,
23,0.0,97674.515625,65250.671875,1918.996094,122,
23,0.0,72212.265625,36952.101563,678.338867,302,
23,0.0,63970.945313,5887.972656,7295.019043,88,
23,0.0,18648.322266,78118.695313,1379.540039,215,
23,1.0,64576.96875,1599.658203,5740.507813,337,
23,1.0,86566.117188,8524.332031,2428.316895,124,
23,1.0,70984.835938,17500.876953,6155.134766,274,
23,1.0,74288.742188,7315.359863,5155.806641,314,
23,0.0,48605.0,39317.75,4939.40918,66,
23,1.0,47595.984375,61885.234375,1809.239746,23,
23,0.0,100270.882813,20312.583984,564.989746,271,
23,0.0,2707.11377,74934.757813,1192.305176,148,
23,0.0,43369.195313,76758.984375,983.126465,328,
23,0.0,68225.421875,70169.617188,646.150391,56,
23,0.0,65201.453125,67607.09375,956.846191,148,
23,0.0,30113.566406,58842.8125,577.415527,190,
23,1.0,44085.964844,48208.160156,2926.687012,3,
23,1.0,54253.027344,42169.449219,3181.182129,339,
23,0.0,32654.5625,83151.460938,590.000488,229,
23,1.0,39342.363281,77103.523438,590.129883,198,
23,1.0,40243.710938,72024.609375,634.604492,240,
23,0.0,71338.601563,34118.863281,1142.770996,42,
23,0.0,57166.246094,29719.804688,7081.026855,44,
23,1.0,56387.949219,67102.585938,1160.683594,246,
23,0.0,66376.585938,71154.023438,1054.992188,150,
23,1.0,17119.419922,64635.417969,1267.233398,218,
23,1.0,52391.882813,36995.171875,5042.951172,192,
23,1.0,41646.484375,89522.414063,1770.318359,118,
23,1.0,48063.574219,33500.53125,4104.865723,219,
23,0.0,64333.945313,87984.28125,912.671875,169,
23,0.0,46088.613281,72701.390625,1484.263672,111,
23,0.0,65832.085938,6626.276367,6984.296387,198,
23,1.0,4623.627441,64164.75,1157.566406,273,
24,1.0,60054.859375,54123.820313,3092.083008,192,
24,0.0,69139.070313,10920.743164,7061.969727,253,
24,0.0,11588.292969,92829.398438,1601.463867,10,
24,0.0,58033.753906,66391.96875,1143.739258,244,
24,1.0,86719.929688,68920.65625,803.36084,304,
24,1.0,7035.419922,68314.632813,1619.151855,258,
24,0.0,11551.37793,77841.828125,1480.610352,213,
24,0.0,69172.90625,26812.730469,3692.972168,356,
24,1.0,56877.078125,31925.484375,5344.981934,158,
24,1.0,26932.707031,59685.707031,881.162598,279,
24,1.0,97348.429688,71409.359375,4467.680176,167,
24,0.0,20451.015625,62082.117188,1115.085938,45,
24,1.0,3285.451904,50266.183594,1628.228027,136,
24,1.0,14978.337891,81927.109375,1027.240234,191,
24,0.0,98123.648438,34411.109375,1178.786133,250,
24,0.0,82443.921875,8428.967773,2449.897949,299,
24,1.0,68388.460938,37302.796875,1573.93457,256,
24,0.0,29815.167969,50260.03125,1352.71875,139,
24,0.0,50887.585938,8678.145508,678.862305,49,
24,1.0,23927.195313,57821.492188,815.983887,294,
24,0.0,69738.945313,22521.341797,4441.98584,95,
24,0.0,24311.728516,68932.960938,1120.164063,173,
24,1.0,56421.792969,22718.222656,6117.575195,109,
24,1.0,52170.390625,18279.169922,2227.406738,226,
24,0.0,92494.085938,97431.492188,2042.649902,69,
24,1.0,72156.882813,32922.195313,1131.284668,18,
24,1.0,76709.765625,70643.367188,560.244141,276,
24,1.0,70812.5625,75986.84375,1267.979492,171,
24,0.0,26415.892578,72261.484375,744.601563,18,
24,0.0,94450.585938,96942.359375,2593.702148,95,
24,0.0,83357.570313,14483.058594,2179.027344,223,
24,0.0,49124.886719,1436.616089,496.904297,112,
24,0.0,62057.507813,17753.130859,7030.681641,301,
24,0.0,92355.648438,84984.921875,6041.188477,306,
24,1.0,50776.84375,46202.433594,2371.57666,144,
24,1.0,17743.900391,63614.097656,1217.404297,40,
24,0.0,6509.37793,56148.0,1017.226074,244,
24,0.0,75943.773438,14086.220703,3689.266113,50,
24,1.0,98815.8125,96373.257813,3245.428223,5,
24,0.0,67004.140625,19884.982422,7574.161133,136,
24,1.0,72098.4375,6444.776855,6205.154297,126,
25,0.0,2359.49585,78475.539063,1321.519043,151,
25,1.0,75848.40625,11911.300781,4084.282227,314,
25,1.0,52619.523438,39142.40625,4369.993652,188,
25,0.0,34475.710938,88559.539063,730.180664,109,
25,0.0,43409.1875,93616.921875,544.97168,196,
25,1.0,73424.3125,13815.509766,5603.158203,354,
25,1.0,36155.351563,85827.8125,1130.811035,331,
25,1.0,85464.8125,4054.518555,2260.080566,337,
25,1.0,3759.197021,60965.4375,1399.321289,76,
25,1.0,762.913879,98797.351563,4036.423096,15,
25,1.0,93887.632813,99803.289063,2099.026855,346,
25,0.0,7518.394043,43606.066406,1239.845215,212,
25,0.0,75116.257813,25283.828125,2084.23877,202,
25,1.0,60048.707031,81010.382813,1331.870117,27,
25,1.0,52570.304688,62891.175781,1098.685547,24,
25,0.0,98529.710938,89870.023438,5999.314453,133,
25,1.0,24013.330078,73578.125,1014.891113,142,
25,1.0,95191.96875,65299.894531,1320.926758,347,
25,0.0,53625.460938,20798.632813,3533.501465,103,
25,1.0,41218.886719,62715.832031,1046.035156,322,
25,0.0,9158.042969,99120.359375,3850.583496,41,
25,0.0,75211.625,24237.896484,2187.835449,83,
25,0.0,81096.515625,507.583862,1555.678711,74,
25,1.0,1307.412964,99769.453125,5120.339844,68,
25,1.0,59328.859375,18516.042969,4793.73291,267,
25,0.0,83492.929688,84428.117188,3143.765137,326,
25,1.0,14421.53418,74577.914063,1627.095215,156,
25,1.0,7299.979004,79656.828125,1089.307617,207,
25,0.0,73138.21875,33325.1875,846.595215,162,
25,0.0,53754.667969,75682.289063,2124.210449,72,
25,0.0,74174.921875,17350.138672,3736.813477,113,
25,1.0,845.973083,71578.554688,695.347168,45,
25,1.0,63946.335938,6976.971191,7392.120605,61,
25,0.0,10357.787109,78955.4375,1400.561523,183,
25,1.0,6632.429199,42240.203125,1231.381836,329,
25,0.0,24059.474609,63204.957031,1062.483887,320,
25,1.0,16651.826172,60285.578125,920.179688,250,
25,0.0,81920.953125,13363.298828,2181.580078,4,
25,0.0,94693.609375,72796.757813,4774.234863,62,
25,1.0,65521.386719,78124.84375,1698.946289,314,
25,1.0,65266.058594,79210.765625,1686.902344,43,
25,1.0,64844.605469,16116.555664,7348.839844,316,
25,1.0,25948.302734,61208.460938,939.805176,237,
25,1.0,56563.296875,42510.917969,1836.335938,43,
25,1.0,91857.296875,41237.34375,951.478516,124,
25,1.0,53050.199219,50416.917969,3243.013672,121,
25,1.0,14947.576172,65672.125,1388.479492,246,
25,1.0,74756.335938,10247.041016,6408.824219,280,
25,0.0,23022.773438,72898.265625,1092.715332,210,
25,1.0,98612.773438,34666.4375,1291.845703,218,
25,0.0,75956.078125,88808.71875,2143.421387,76,
26,0.0,51041.398438,50573.808594,3219.902832,133,
26,0.0,52333.433594,43307.667969,3122.800293,260,
26,0.0,98532.789063,75586.929688,5793.716797,131,
26,0.0,26074.429688,75451.570313,736.07666,248,
26,0.0,74845.546875,18285.324219,3169.881348,85,
26,1.0,53019.4375,25609.912109,5728.296875,147,
26,1.0,40256.015625,87624.351563,1753.131348,331,
26,1.0,69646.65625,88208.84375,1269.82666,39,
26,1.0,88654.898438,7346.12207,1088.563477,109,
26,0.0,92650.976563,65373.722656,816.487305,341,
26,1.0,1147.447144,63995.554688,1329.280762,266,
26,0.0,49617.089844,43212.304688,3382.345215,329,
26,0.0,52610.296875,71433.96875,1285.075195,16,
26,0.0,89605.46875,94432.132813,1576.995605,215,
26,0.0,61876.007813,81754.835938,1235.614258,101,
26,1.0,60187.140625,16393.419922,6152.320313,9,
26,1.0,77774.148438,90463.742188,1780.633789,57,
26,0.0,7976.756836,50210.808594,1009.013672,269,
26,1.0,45368.769531,37831.914063,3119.445313,345,
26,1.0,19162.058594,81514.890625,964.158691,156,
26,0.0,43083.101563,59331.933594,2135.696289,95,
26,1.0,92500.234375,46913.054688,492.885742,79,
27,0.0,59624.183594,9299.551758,6266.962891,31,
27,1.0,55062.082031,88033.5,1014.967773,25,
27,0.0,92678.65625,44445.890625,809.010254,136,
27,1.0,15898.141602,84037.429688,769.111328,97,
27,1.0,2900.918701,93807.648438,1638.991699,271,
27,1.0,58498.269531,12849.561523,6174.598633,336,
27,1.0,93712.28125,92761.71875,3810.744629,194,
27,1.0,95502.671875,92444.867188,4931.77832,249,
27,1.0,69862.0,30765.734375,2240.42041,80,
27,1.0,49134.117188,75162.40625,2013.60498,283,
27,0.0,98566.632813,80930.398438,7845.529297,239,
27,0.0,47712.882813,40938.945313,4036.916748,320,
27,1.0,85670.921875,70357.273438,1334.224609,223,
27,1.0,77103.523438,22687.460938,1712.681641,224,
27,0.0,11575.987305,98000.601563,2436.636719,151,
27,1.0,69766.625,18340.697266,7354.36377,335,
27,0.0,76285.234375,26615.849609,1546.488281,306,
27,1.0,5774.150879,62657.378906,1040.095703,163,
27,1.0,75291.601563,23007.390625,2290.509277,165,
27,1.0,73811.921875,82342.40625,1981.703613,70,
27,1.0,1018.243958,54016.148438,1306.963867,106,
27,0.0,30202.777344,50404.613281,1210.470703,37,
27,0.0,78660.117188,16374.962891,2078.446289,327,
27,0.0,67594.789063,40579.019531,1245.845703,226,
28,1.0,78832.382813,20232.599609,1568.998047,308,
28,1.0,57744.582031,80518.179688,1601.169922,302,
28,0.0,4583.635742,53403.972656,1260.679688,15,
28,0.0,98074.429688,26135.955078,2602.864258,256,
28,0.0,91137.453125,85409.445313,5067.504883,228,
28,0.0,95687.25,97406.882813,2687.271973,269,
28,0.0,78395.554688,20426.404297,1549.991699,278,
28,1.0,51678.183594,90045.375,883.485352,343,
28,1.0,48912.625,80170.5625,2160.896973,345,
28,0.0,53942.320313,84926.46875,1413.061523,358,
28,1.0,76860.5,21149.328125,1915.02002,331,
28,1.0,93404.65625,79355.351563,7271.114258,326,
28,1.0,14086.220703,66133.5625,1555.616211,54,
28,0.0,87356.71875,94213.71875,834.730957,169,
28,0.0,95794.921875,28763.083984,1667.729492,289,
28,0.0,53597.777344,55311.257813,1319.088867,193,
28,1.0,55686.5625,37493.527344,4154.875,307,
28,1.0,61540.699219,29495.236328,5473.097656,48,
28,1.0,94161.414063,66681.140625,1644.64209,245,
28,1.0,64650.796875,30092.033203,4170.828613,324,
28,1.0,2230.29248,53662.382813,1340.623047,48,
28,1.0,63386.457031,36592.183594,2660.92334,288,
28,1.0,44590.472656,78287.890625,1536.273438,320,
28,0.0,48174.320313,55594.273438,4308.899902,152,
28,0.0,14683.015625,96050.25,1388.085938,48,
28,0.0,52155.011719,18116.128906,2331.79541,126,
29,1.0,8745.823242,100458.53125,4260.04248,224,
29,0.0,5143.516113,92694.039063,2108.605957,9,
29,1.0,49183.339844,82480.835938,2165.431152,307,
29,1.0,39123.945313,83898.992188,1661.971191,305,
29,1.0,70997.140625,37542.746094,920.008301,269,
29,0.0,58246.015625,16101.174805,4985.407227,122,
29,1.0,27606.408203,45728.691406,1177.111816,25,
29,0.0,42166.375,91971.117188,818.49707,201,
29,1.0,1802.691772,98443.578125,3120.95752,321,
29,0.0,68554.578125,78026.40625,1612.039063,37,
29,1.0,69797.398438,18233.027344,7381.149902,48,
29,1.0,61617.601563,6497.073242,7204.414551,206,
29,1.0,43569.152344,39948.386719,2534.733887,354,
29,0.0,82447.0,18060.755859,1520.768066,320,
29,1.0,44790.429688,63881.730469,1597.066895,135,
29,1.0,35816.960938,80348.984375,741.843262,260,
29,0.0,64183.207031,67204.101563,1087.276367,78,
29,1.0,52474.945313,47199.144531,1783.612305,82,
29,0.0,4792.822266,85458.664063,665.044922,5,
29,1.0,74011.875,15584.363281,4360.60791,252,
29,0.0,74740.953125,80841.1875,2058.208008,235,
29,1.0,40938.945313,47928.222656,2553.770508,2,
29,1.0,85255.625,69738.945313,991.5,331,
29,0.0,61546.851563,83268.359375,1214.923828,244,
29,1.0,42314.035156,81917.882813,2052.661133,253,
29,0.0,57120.101563,24899.294922,7766.359863,102,
29,1.0,49721.683594,28815.382813,3650.910156,0,
29,1.0,85840.117188,8958.085938,2649.530762,192,
30,0.0,8302.84082,98019.054688,6299.671875,171,
30,1.0,46753.085938,21487.716797,688.82666,277,
30,0.0,66345.820313,22235.25,6105.677734,202,
30,0.0,73132.0625,27667.933594,2206.825684,330,
30,1.0,13840.119141,76629.78125,1550.791504,242,
30,0.0,97145.390625,99209.570313,2253.193359,152,
30,0.0,75165.476563,1571.971802,3797.613281,139,
30,1.0,57772.269531,63294.164063,1273.67041,220,
30,1.0,4060.670898,56301.816406,1192.65332,298,
30,0.0,53010.210938,37456.609375,4631.187012,78,
30,0.0,90805.210938,76623.625,6316.338867,159,
30,1.0,98828.117188,22339.841797,702.616211,279,
30,0.0,4297.542969,42837.0,1506.48584,89,
30,1.0,57412.351563,22392.138672,5991.583984,46,
30,0.0,47986.667969,2931.681152,564.144531,69,
30,0.0,52478.019531,58750.519531,1341.500488,249,
30,1.0,19694.253906,54942.105469,525.279297,225,
30,1.0,5934.116699,44993.460938,1428.245605,268,
30,0.0,116.898102,84692.671875,1052.550781,258,
30,1.0,60107.15625,10582.354492,6560.22168,104,
30,1.0,52853.320313,40920.488281,3882.489746,85,
31,1.0,90728.304688,41508.054688,806.38623,135,
31,1.0,719.846191,46153.214844,1637.916504,300,
31,0.0,48078.957031,51081.390625,4153.492676,239,
31,1.0,46814.613281,52773.339844,3183.219238,138,
31,0.0,69886.609375,10536.209961,7295.399902,354,
31,0.0,72387.609375,88768.726563,1541.165039,235,
31,1.0,49143.34375,72870.585938,1587.775879,126,
31,0.0,61417.644531,69274.429688,1413.21582,172,
31,1.0,59519.589844,67800.898438,1234.302246,156,
31,0.0,5488.058105,63657.164063,1058.578125,301,
31,0.0,88999.445313,90565.265625,1945.995117,357,
31,0.0,23118.136719,81582.5625,594.347656,235,
31,1.0,50023.15625,56812.480469,2683.165527,65,
31,1.0,96505.53125,87350.570313,7245.501953,244,
31,0.0,68228.5,69723.5625,612.004883,187,
31,0.0,4780.516602,71126.335938,1403.882324,11,
31,0.0,66124.335938,75300.828125,1316.853027,95,
31,1.0,13277.163086,89362.445313,1195.885742,61,
31,0.0,46777.695313,30190.472656,2517.303223,348,
31,0.0,71480.109375,5051.228027,6062.428711,146,
31,1.0,22330.613281,61820.636719,1068.133789,215,
31,0.0,69000.640625,75273.148438,1193.707031,123,
31,0.0,60713.179688,901.345886,5479.467773,191,
31,0.0,98422.046875,34851.015625,1281.712891,161,
31,1.0,26394.359375,55634.269531,1436.932617,173,
31,1.0,81671.78125,79798.328125,3458.379883,223,
31,0.0,47552.914063,80662.765625,2149.41748,59,
31,0.0,48075.878906,75297.757813,1819.683594,138,
31,1.0,11935.911133,46959.195313,538.948242,9,
31,1.0,95247.34375,41400.386719,1398.847656,335,
31,0.0,59814.914063,78469.390625,1404.160156,244,
31,1.0,661.397156,48565.007813,1626.685547,292,
31,0.0,54714.464844,44784.277344,1561.290039,22,
31,0.0,38788.636719,100689.25,613.358887,105,
31,1.0,15504.378906,67665.546875,1479.866211,91,
31,0.0,1821.149292,58369.0625,1383.161133,73,
31,0.0,57316.984375,39419.269531,2981.022461,229,
31,0.0,66250.453125,83160.6875,1405.702148,111,
31,0.0,68077.765625,34374.191406,2003.126953,342,
31,0.0,16048.87793,85880.109375,704.954102,166,
31,1.0,76251.398438,72935.179688,1102.159668,302,
32,0.0,79696.820313,78414.015625,3036.096191,138,
32,0.0,82674.640625,91685.023438,1160.46875,254,
32,1.0,96757.78125,91457.382813,5464.416992,3,
32,1.0,50650.714844,47682.117188,2312.049316,81,
32,0.0,45827.132813,72836.742188,1496.000977,333,
32,0.0,54788.292969,6272.505859,3410.939453,59,
32,1.0,58544.410156,42135.613281,1609.128906,65,
32,1.0,62703.523438,82954.578125,1212.729492,206,
32,1.0,94687.460938,85400.21875,7460.825195,99,
32,0.0,29516.769531,70981.757813,491.049805,23,
32,1.0,39769.964844,81025.765625,1665.53418,4,
32,1.0,18060.755859,94995.085938,710.745605,155,
32,1.0,68828.375,22515.1875,4910.264648,112,
32,0.0,43467.636719,64047.851563,1371.398438,155,
32,1.0,47346.804688,70468.023438,1307.507324,160,
32,0.0,7607.60498,90971.328125,1719.811523,103,
32,1.0,93773.804688,97812.945313,2294.489258,277,
32,0.0,21112.412109,70218.84375,1487.991699,319,
32,0.0,65262.976563,82114.757813,1417.15332,153,
32,0.0,84994.148438,81207.257813,5296.518066,192,
32,1.0,85920.101563,89682.375,1759.575195,167,
32,1.0,48918.777344,13969.323242,715.99707,71,
32,0.0,69123.6875,73522.75,1006.476563,245,
32,1.0,144.584488,69655.882813,733.550781,110,
32,0.0,61832.941406,36189.191406,3054.032227,247,
32,1.0,49500.191406,56271.054688,3184.954102,303,
32,0.0,46263.960938,81650.25,2142.230957,173,
33,1.0,1864.217041,92084.9375,1350.006348,156,
33,1.0,35361.675781,99864.8125,766.916992,301,
33,1.0,78423.242188,87953.515625,2010.953613,224,
33,0.0,27203.417969,61193.078125,834.794434,220,
33,1.0,81604.101563,21493.869141,568.233398,260,
33,1.0,100147.835938,94718.21875,3211.369141,92,
33,1.0,23933.347656,72944.414063,1027.776367,12,
33,0.0,93736.890625,76605.171875,6219.619141,214,
33,0.0,43566.078125,50487.671875,2031.088379,298,
33,0.0,90233.023438,68766.84375,1048.551758,79,
33,1.0,16907.158203,55914.207031,516.873535,154,
33,0.0,77681.867188,30307.371094,627.766113,277,
33,1.0,68662.25,71686.21875,785.990234,250,
33,1.0,100763.085938,25366.888672,3971.760986,69,
33,0.0,77038.921875,9487.204102,3407.331055,67,
33,1.0,28215.509766,98434.351563,763.797852,258,
33,1.0,67717.835938,59298.097656,625.387695,4,
33,1.0,6607.818359,81893.273438,988.940918,53,
33,1.0,54271.484375,50220.039063,2891.906738,301,
33,0.0,63903.269531,54474.515625,1696.195313,111,
33,0.0,60337.875,80269.007813,1362.176758,256,
33,0.0,100203.203125,87895.0625,6265.222168,306,
34,1.0,32999.101563,97616.0625,635.993164,73,
34,0.0,47343.730469,40342.148438,4002.335938,357,
34,1.0,20312.583984,63709.464844,1161.705566,208,
34,0.0,76940.484375,13935.483398,3218.079102,123,
34,0.0,98831.1875,76162.1875,6205.62793,28,
34,0.0,74654.8125,85501.726563,1994.254395,172,
34,0.0,14889.125977,58627.472656,596.718262,43,
34,1.0,9542.576172,92524.84375,1823.719727,249,
34,0.0,94029.140625,38456.398438,1315.171875,298,
34,1.0,77595.726563,77614.1875,2284.28125,280,
34,1.0,42034.09375,71836.960938,886.566406,96,
34,0.0,12508.09668,73332.023438,1752.84668,259,
34,0.0,20491.005859,54440.679688,864.041992,242,
34,1.0,5149.668457,78847.765625,1132.943359,89,
34,1.0,58202.949219,6866.225098,6042.883789,173,
34,1.0,60614.742188,23348.857422,6174.410156,286,
34,0.0,14916.8125,66908.78125,1506.771484,350,
34,1.0,88162.703125,86618.414063,3447.042969,37,
34,0.0,22496.730469,66148.945313,1176.745117,124,
34,1.0,73796.539063,31888.570313,980.802734,42,
34,1.0,65875.15625,61676.050781,803.291016,13,
34,1.0,20300.277344,73584.28125,1351.939941,84,
35,0.0,63192.652344,73135.140625,1405.647461,86,
35,1.0,9441.05957,76005.296875,1786.516113,122,
35,1.0,16528.775391,87891.984375,772.020996,85,
35,0.0,7752.189453,86707.625,776.166016,228,
35,0.0,95293.484375,68123.90625,2018.646484,193,
35,0.0,77011.234375,2199.530029,2473.265137,20,
35,1.0,46491.601563,90193.03125,1333.206055,193,
35,1.0,44987.308594,70754.109375,1069.355469,127,
35,0.0,96859.304688,34706.429688,1062.547852,185,
35,0.0,65545.992188,57649.222656,1134.331543,22,
35,1.0,99157.273438,66471.953125,2454.067383,67,
35,0.0,63841.742188,58159.878906,2708.335938,186,
35,1.0,47679.042969,64072.460938,1632.548828,295,
35,1.0,60765.480469,3740.739258,6150.447266,175,
35,0.0,88356.507813,92549.453125,1432.610352,184,
35,0.0,8718.136719,42301.730469,1012.181152,151,
35,0.0,46706.941406,81951.71875,2159.313965,2,
35,1.0,65164.539063,21567.699219,5788.491211,116,
35,1.0,78730.867188,92321.8125,910.574219,288,
35,1.0,90592.953125,88002.734375,4085.366455,335,
35,1.0,38788.636719,54554.496094,2742.164551,237,
35,0.0,81490.28125,73092.070313,2152.258789,220,
35,0.0,69179.0625,29196.839844,2935.793457,212,
35,0.0,63244.945313,15719.717773,7172.793457,90,
35,1.0,82911.515625,16959.453125,1989.126465,48,
36,1.0,28440.078125,70778.726563,637.993164,358,
36,0.0,91669.648438,90543.734375,3465.935547,265,
36,0.0,10053.236328,69692.796875,1941.147949,322,
36,0.0,15519.759766,99215.726563,1768.463867,319,
36,1.0,75107.023438,73688.867188,1099.554688,189,
36,1.0,78020.25,29347.574219,727.873047,255,
36,0.0,23687.246094,66185.859375,1136.731445,97,
36,1.0,67228.710938,72726.0,960.217285,15,
36,0.0,59571.890625,38357.957031,2811.512207,32,
36,1.0,70548.0,32310.017578,1660.109863,265,
36,0.0,16694.894531,63337.238281,1216.379395,134,
36,0.0,80687.375,90371.460938,1644.307617,222,
36,0.0,49583.253906,80490.492188,2167.837402,315,
36,1.0,69582.054688,88285.75,1223.911133,45,
36,1.0,21801.496094,56046.488281,839.766602,159,
36,0.0,59670.328125,22296.773438,5687.577148,358,
36,0.0,16593.376953,58532.105469,733.008301,270,
36,1.0,96450.164063,62795.8125,715.996094,183,
36,1.0,58535.183594,28867.677734,7231.705078,166,
36,0.0,67677.851563,25702.199219,4499.571777,53,
36,0.0,52262.675781,27861.738281,6247.332031,122,
36,0.0,59202.734375,47848.238281,721.004883,165,
36,0.0,97173.085938,38031.871094,1503.728027,246,
