PlasticContainer,8,158796.84375,-36779.835938,8000.0,
PlasticContainer,8,123613.585938,-92721.726563,8000.0,
PlasticContainer,8,133005.421875,-35324.757813,8000.0,
Log,9,168096.390625,-15110.617188,8000.0,
Log,9,122970.648438,-66262.765625,8000.0,
Log,9,184062.21875,-32608.421875,8000.0,
Log,9,116753.515625,-69754.328125,8000.0,
Log,9,150103.3125,-69720.484375,8000.0,
Log,9,151484.546875,-76229.867188,8000.0,
Log,9,171895.578125,-20724.796875,8000.0,
Log,9,103371.757813,-42467.851563,8000.0,
Log,9,146605.59375,-10403.929688,8000.0,
Log,9,184988.15625,-70437.257813,8000.0,
Log,9,133682.203125,-32183.890625,8000.0,
Log,9,174651.90625,-48454.261719,8000.0,
Log,9,198197.65625,-19964.960938,8000.0,
Log,9,148568.25,-71034.054688,8000.0,
Log,9,170908.09375,-73356.632813,8000.0,
Log,9,161082.5,-21380.046875,8000.0,
Log,9,122017.0,-1476.609375,8000.0,
Log,9,199148.21875,-77463.445313,8000.0,
Log,9,178337.28125,-21881.476563,8000.0,
Log,9,174811.875,-21638.453125,8000.0,
Log,9,178401.875,-66148.9375,8000.0,
Log,9,173046.09375,-21967.617188,8000.0,
Log,9,113754.15625,-32654.5625,8000.0,
Log,9,113877.203125,-59559.582031,8000.0,
Log,9,137266.0625,-50979.875,8000.0,
Log,9,154957.65625,-65309.121094,8000.0,
Log,9,179484.71875,-74350.265625,8000.0,
Log,9,187116.9375,-57203.160156,8000.0,
Log,9,171554.109375,-82216.28125,8000.0,
Log,9,152309.0,-23059.6875,8000.0,
Log,9,109281.265625,-7789.109375,8000.0,
Log,9,141200.59375,-49580.175781,8000.0,
Log,9,150435.546875,-67803.96875,8000.0,
Log,9,185443.453125,-39317.753906,8000.0,
Log,9,181487.375,-4515.960938,8000.0,
Log,9,113120.445313,-20451.015625,8000.0,
Log,9,154733.09375,-34054.265625,8000.0,
Log,9,188775.046875,-88605.679688,8000.0,
Log,9,127917.28125,-95917.96875,8000.0,
Log,9,184865.125,-78337.109375,8000.0,
Log,9,198548.34375,-96886.992188,8000.0,
Log,9,126157.65625,-19586.585938,8000.0,
Log,9,172206.28125,-62608.160156,8000.0,
Log,9,152253.625,-65515.234375,8000.0,
Log,9,165063.1875,-67696.304688,8000.0,
Log,9,118873.0625,-39763.8125,8000.0,
Log,9,165496.953125,-67179.484375,8000.0,
Log,9,112849.734375,-11234.523438,8000.0,
Log,9,158178.5,-4199.101563,8000.0,
Log,9,182976.28125,-28387.78125,8000.0,
Log,9,145993.421875,-14341.554688,8000.0,
Log,9,159205.984375,-17928.476563,8000.0,
Log,9,161119.421875,-93506.171875,8000.0,
Log,9,180872.125,-96763.9375,8000.0,
Log,9,104645.328125,-57710.746094,8000.0,
Log,9,185526.5,-84403.5,8000.0,
Log,9,110853.234375,-68957.578125,8000.0,
Log,9,188688.90625,-77552.65625,8000.0,
Log,9,166702.84375,-35524.714844,8000.0,
Log,9,110148.773438,-67656.3125,8000.0,
Log,9,186723.1875,-75999.140625,8000.0,
Log,9,170646.625,-59891.816406,8000.0,
Log,9,180998.25,-53040.976563,8000.0,
Log,9,110613.289063,-85677.078125,8000.0,
Log,9,103639.390625,-63817.132813,8000.0,
Log,9,170015.984375,-55083.617188,8000.0,
TreeBranch,10,106943.304688,-35875.410156,8000.0,
TreeBranch,10,150737.015625,-70065.03125,8000.0,
TreeBranch,10,180379.90625,-92103.398438,8000.0,
TreeBranch,10,199089.765625,-62638.921875,8000.0,
TreeBranch,10,124514.9375,-87381.328125,8000.0,
TreeBranch,10,153985.5625,-90248.40625,8000.0,
TreeBranch,10,152924.25,-93407.734375,8000.0,
TreeBranch,10,186658.578125,-81419.523438,8000.0,
TreeBranch,10,160485.703125,-72356.84375,8000.0,
TreeBranch,10,159458.234375,-4322.15625,8000.0,
TreeBranch,10,136632.34375,-96044.09375,8000.0,
TreeBranch,10,144756.765625,-100433.921875,8000.0,
TreeBranch,10,122847.59375,-4183.71875,8000.0,
TreeBranch,10,168317.875,-1245.882813,8000.0,
TreeBranch,10,145931.890625,-98818.882813,8000.0,
TreeBranch,10,137936.6875,-13658.617188,8000.0,
TreeBranch,10,105011.40625,-87110.617188,8000.0,
TreeBranch,10,162106.90625,-47297.585938,8000.0,
TreeBranch,10,144627.5625,-87236.742188,8000.0,
TreeBranch,10,102624.226563,-74171.84375,8000.0,
TreeBranch,10,181459.6875,-2353.34375,8000.0,
TreeBranch,10,178731.03125,-13249.476563,8000.0,
TreeBranch,10,125028.671875,-69335.953125,8000.0,
TreeBranch,10,156258.921875,-7001.585938,8000.0,
TreeBranch,10,165561.546875,-96877.757813,8000.0,
TreeBranch,10,149060.453125,-91374.320313,8000.0,
TreeBranch,10,149297.328125,-98911.171875,8000.0,
TreeBranch,10,162940.5625,-24640.890625,8000.0,
TreeBranch,10,136057.078125,-39474.644531,8000.0,
TreeBranch,10,199720.40625,-91002.09375,8000.0,
TreeBranch,10,151395.34375,-84554.242188,8000.0,
TreeBranch,10,168560.90625,-15510.53125,8000.0,
TreeBranch,10,119269.898438,-85132.578125,8000.0,
TreeBranch,10,111683.828125,-31903.953125,8000.0,
TreeBranch,10,104423.84375,-90079.210938,8000.0,
TreeBranch,10,193278.703125,-30236.617188,8000.0,
TreeBranch,10,136767.703125,-8348.984375,8000.0,
TreeBranch,10,152272.078125,-19491.21875,8000.0,
TreeBranch,10,150174.0625,-17547.015625,8000.0,
TreeBranch,10,187815.25,-49749.371094,8000.0,
TreeBranch,10,114390.945313,-39871.484375,8000.0,
TreeBranch,10,155732.875,-6580.132813,8000.0,
TreeBranch,10,186858.53125,-84123.5625,8000.0,
TreeBranch,10,153554.875,-43147.703125,8000.0,
TreeBranch,10,156717.28125,-77223.5,8000.0,
TreeBranch,10,178854.09375,-46577.742188,8000.0,
TreeBranch,10,124662.59375,-76672.84375,8000.0,
TreeBranch,10,124028.882813,-12987.992188,8000.0,
TreeBranch,10,178884.859375,-92229.523438,8000.0,
TreeBranch,10,110736.335938,-30061.273438,8000.0,
TreeBranch,10,103497.882813,-5014.3125,8000.0,
TreeBranch,10,108619.867188,-27966.328125,8000.0,
TreeBranch,10,105442.085938,-21958.390625,8000.0,
TreeBranch,10,152010.59375,-13563.257813,8000.0,
TreeBranch,10,168926.984375,-36955.183594,8000.0,
TreeBranch,10,200046.484375,-41400.382813,8000.0,
TreeBranch,10,132211.75,-50253.875,8000.0,
TreeBranch,10,147411.578125,-31747.0625,8000.0,
TreeBranch,10,111914.546875,-17497.796875,8000.0,
TreeBranch,10,140056.21875,-100301.648438,8000.0,
TreeBranch,10,143898.484375,-70255.757813,8000.0,
TreeBranch,10,190986.875,-98603.546875,8000.0,
TreeBranch,10,177983.5,-84305.0625,8000.0,
TreeBranch,10,157735.53125,-37862.675781,8000.0,
TreeBranch,10,101959.75,-41535.742188,8000.0,
TreeBranch,10,185468.0625,-95201.195313,8000.0,
TreeBranch,10,125730.054688,-60894.683594,8000.0,
TreeBranch,10,157181.796875,-60547.0625,8000.0,
TreeBranch,10,193038.75,-32233.117188,8000.0,
TreeBranch,10,170292.84375,-48103.566406,8000.0,
TreeBranch,10,162808.28125,-46906.898438,8000.0,
TreeBranch,10,177811.234375,-12154.328125,8000.0,
TreeBranch,10,133211.53125,-46983.808594,8000.0,
TreeBranch,10,107780.046875,-92727.875,8000.0,
TreeBranch,10,130427.515625,-88507.242188,8000.0,
TreeBranch,10,111247.0,-36512.195313,8000.0,
TreeBranch,10,148029.90625,-43846.015625,8000.0,
TreeBranch,10,135537.1875,-20930.914063,8000.0,
TreeBranch,10,162140.75,-37828.839844,8000.0,
TreeBranch,10,186818.546875,-17956.164063,8000.0,
TreeBranch,10,201166.25,-39440.800781,8000.0,
TreeBranch,10,176236.1875,-25591.453125,8000.0,
TreeBranch,10,195955.046875,-4608.242188,8000.0,
TreeBranch,10,108838.28125,-17205.554688,8000.0,
TreeBranch,10,193251.015625,-100673.875,8000.0,
TreeBranch,10,114412.476563,-21398.507813,8000.0,
TreeBranch,10,154283.953125,-89611.625,8000.0,
TreeBranch,10,172132.4375,-89857.71875,8000.0,
TreeBranch,10,122921.421875,-21472.335938,8000.0,
TreeBranch,10,137075.328125,-61817.558594,8000.0,
TreeBranch,10,186904.6875,-4660.546875,8000.0,
TreeBranch,10,122081.609375,-92244.90625,8000.0,
TreeBranch,10,109281.265625,-95721.085938,8000.0,
TreeBranch,10,129286.21875,-37881.132813,8000.0,
TreeBranch,11,110324.117188,-7035.421875,8000.0,
TreeBranch,11,122060.070313,-26692.757813,8000.0,
TreeBranch,11,138422.734375,-60851.613281,8000.0,
TreeBranch,11,131630.328125,-23253.492188,8000.0,
TreeBranch,11,193303.3125,-99578.71875,8000.0,
TreeBranch,11,115166.164063,-8875.023438,8000.0,
TreeBranch,11,142775.640625,-92583.296875,8000.0,
TreeBranch,11,121004.914063,-95628.796875,8000.0,
TreeBranch,11,173879.765625,-2230.289063,8000.0,
TreeBranch,11,104799.148438,-3359.28125,8000.0,
TreeBranch,11,164020.34375,-51921.210938,8000.0,
TreeBranch,11,141425.171875,-35604.699219,8000.0,
TreeBranch,11,101267.59375,-8739.671875,8000.0,
TreeBranch,11,200806.3125,-41618.796875,8000.0,
TreeBranch,11,107949.242188,-98452.8125,8000.0,
TreeBranch,11,183785.34375,-65887.453125,8000.0,
TreeBranch,11,184074.515625,-71981.539063,8000.0,
TreeBranch,11,158267.71875,-86249.265625,8000.0,
TreeBranch,11,139963.9375,-49127.96875,8000.0,
TreeBranch,11,181293.5625,-21961.460938,8000.0,
TreeBranch,11,137044.5625,-61891.390625,8000.0,
TreeBranch,11,151244.609375,-33734.328125,8000.0,
TreeBranch,11,189313.40625,-7893.695313,8000.0,
TreeBranch,11,184726.6875,-79358.429688,8000.0,
TreeBranch,11,153256.484375,-61165.390625,8000.0,
TreeBranch,11,147866.875,-57409.269531,8000.0,
TreeBranch,11,171578.71875,-25077.71875,8000.0,
TreeBranch,11,147002.4375,-6687.804688,8000.0,
TreeBranch,11,175264.09375,-93967.609375,8000.0,
TreeBranch,11,104463.835938,-81001.15625,8000.0,
TreeBranch,11,122939.882813,-97003.890625,8000.0,
TreeBranch,11,123647.421875,-69342.109375,8000.0,
TreeBranch,11,186892.375,-94032.21875,8000.0,
TreeBranch,11,172295.5,-96391.710938,8000.0,
TreeBranch,11,145448.921875,-1790.382813,8000.0,
TreeBranch,11,183373.125,-55689.640625,8000.0,
TreeBranch,11,114375.5625,-11372.953125,8000.0,
TreeBranch,11,110437.9375,-15178.296875,8000.0,
TreeBranch,11,163288.1875,-80179.789063,8000.0,
TreeBranch,11,129716.898438,-54785.21875,8000.0,
TreeBranch,11,143366.28125,-57596.921875,8000.0,
TreeBranch,11,122546.125,-62029.820313,8000.0,
TreeBranch,11,195644.34375,-38105.707031,8000.0,
TreeBranch,11,142461.875,-62199.019531,8000.0,
TreeBranch,11,141259.046875,-81791.75,8000.0,
TreeBranch,11,194136.96875,-97034.648438,8000.0,
TreeBranch,11,138176.625,-4743.601563,8000.0,
TreeBranch,11,121244.859375,-26877.335938,8000.0,
TreeBranch,11,200993.96875,-93044.734375,8000.0,
TreeBranch,11,148119.125,-84658.835938,8000.0,
TreeBranch,11,161894.640625,-15476.695313,8000.0,
TreeBranch,11,150586.28125,-36601.410156,8000.0,
TreeBranch,11,189405.6875,-14347.703125,8000.0,
TreeBranch,11,116119.804688,-96511.6875,8000.0,
TreeBranch,11,116602.78125,-36736.769531,8000.0,
TreeBranch,11,171095.75,-37244.347656,8000.0,
TreeBranch,11,114603.203125,-79115.40625,8000.0,
TreeBranch,11,115200.0,-49487.886719,8000.0,
TreeBranch,11,156606.53125,-28575.429688,8000.0,
TreeBranch,11,167299.640625,-93823.03125,8000.0,
TreeBranch,11,102731.898438,-55861.910156,8000.0,
TreeBranch,11,141157.53125,-86547.65625,8000.0,
TreeBranch,11,169339.203125,-45107.285156,8000.0,
TreeBranch,11,166465.96875,-84554.242188,8000.0,
TreeBranch,11,185754.15625,-22727.445313,8000.0,
TreeBranch,11,173673.65625,-88036.578125,8000.0,
TreeBranch,11,123856.609375,-70283.445313,8000.0,
TreeBranch,11,149208.125,-37521.214844,8000.0,
TreeBranch,11,101784.40625,-70990.984375,8000.0,
TreeBranch,11,194007.78125,-27274.171875,8000.0,
TreeBranch,11,129513.867188,-93124.71875,8000.0,
TreeBranch,11,174316.59375,-1113.609375,8000.0,
TreeBranch,11,116113.648438,-46356.246094,8000.0,
TreeBranch,11,114523.21875,-61497.628906,8000.0,
TreeBranch,11,103999.3125,-19100.53125,8000.0,
TreeBranch,11,112963.554688,-53105.578125,8000.0,
TreeBranch,11,141123.6875,-33675.882813,8000.0,
TreeBranch,11,124022.734375,-55815.765625,8000.0,
TreeBranch,11,159645.890625,-22567.484375,8000.0,
TreeBranch,11,101141.46875,-45079.597656,8000.0,
TreeBranch,11,179287.84375,-73045.929688,8000.0,
TreeBranch,11,138435.03125,-52164.238281,8000.0,
TreeBranch,11,195859.6875,-29747.492188,8000.0,
TreeBranch,11,198265.328125,-90316.085938,8000.0,
TreeBranch,11,173928.984375,-14516.898438,8000.0,
TreeBranch,11,171360.3125,-70477.25,8000.0,
TreeBranch,11,109013.632813,-45940.949219,8000.0,
TreeBranch,11,159193.6875,-81431.828125,8000.0,
TreeBranch,11,174993.375,-15402.859375,8000.0,
TreeBranch,11,112379.0625,-48417.347656,8000.0,
TreeBranch,11,115719.890625,-16550.3125,8000.0,
TreeBranch,11,126053.0625,-52241.144531,8000.0,
TreeBranch,11,114209.4375,-67382.53125,8000.0,
TreeBranch,11,122770.6875,-20561.757813,8000.0,
TreeBranch,11,181478.15625,-28258.578125,8000.0,
TreeBranch,11,123059.859375,-73408.929688,8000.0,
TreeBranch,11,197671.609375,-65407.5625,8000.0,
TreeBranch,11,136632.34375,-32931.421875,8000.0,
TreeBranch,11,167554.96875,-44058.28125,8000.0,
TreeBranch,11,168727.03125,-85104.890625,8000.0,
TreeBranch,11,101387.570313,-15202.90625,8000.0,
TreeBranch,11,181001.3125,-95364.234375,8000.0,
TreeBranch,11,192060.5,-79247.679688,8000.0,
TreeBranch,11,199086.6875,-69874.296875,8000.0,
TreeBranch,11,195484.375,-76992.78125,8000.0,
TreeBranch,11,103762.445313,-70864.859375,8000.0,
TreeBranch,11,197204.015625,-12034.351563,8000.0,
TreeBranch,11,104316.171875,-61676.054688,8000.0,
TreeBranch,11,160122.703125,-42178.679688,8000.0,
TreeBranch,11,120592.695313,-5964.875,8000.0,
TreeBranch,11,133962.140625,-36752.148438,8000.0,
TreeBranch,11,181158.21875,-91946.507813,8000.0,
TreeBranch,11,134119.03125,-57470.796875,8000.0,
TreeBranch,11,164844.78125,-95674.9375,8000.0,
TreeBranch,11,159365.9375,-46060.925781,8000.0,
TreeBranch,11,186717.03125,-72658.320313,8000.0,
TreeBranch,11,162479.125,-76371.375,8000.0,
TreeBranch,11,157292.546875,-81441.0625,8000.0,
TreeBranch,12,142658.75,-83096.09375,8000.0,
TreeBranch,12,182025.71875,-41018.925781,8000.0,
TreeBranch,12,147491.5625,-13960.09375,8000.0,
TreeBranch,12,103497.882813,-20967.828125,8000.0,
TreeBranch,12,119872.84375,-947.492188,8000.0,
TreeBranch,12,190697.71875,-8250.546875,8000.0,
TreeBranch,12,122087.757813,-97766.804688,8000.0,
TreeBranch,12,154951.5,-55428.15625,8000.0,
TreeBranch,12,194718.390625,-24484.0,8000.0,
TreeBranch,12,118645.421875,-39397.734375,8000.0,
TreeBranch,12,160857.9375,-79595.296875,8000.0,
TreeBranch,12,188821.1875,-83148.390625,8000.0,
TreeBranch,12,147959.15625,-72092.289063,8000.0,
TreeBranch,12,138804.1875,-92152.617188,8000.0,
TreeBranch,12,167207.34375,-63044.988281,8000.0,
TreeBranch,12,183948.375,-52862.550781,8000.0,
TreeBranch,12,164823.25,-2885.539063,8000.0,
TreeBranch,12,158086.21875,-69566.671875,8000.0,
TreeBranch,12,195619.75,-37896.515625,8000.0,
TreeBranch,12,193561.71875,-73448.921875,8000.0,
TreeBranch,12,117165.734375,-84095.875,8000.0,
TreeBranch,12,110733.265625,-95284.257813,8000.0,
TreeBranch,12,168524.0,-38813.246094,8000.0,
TreeBranch,12,115707.585938,-27661.78125,8000.0,
TreeBranch,12,118270.109375,-34626.445313,8000.0,
TreeBranch,12,113065.070313,-70557.234375,8000.0,
TreeBranch,12,160208.84375,-89814.65625,8000.0,
TreeBranch,12,131510.359375,-80472.03125,8000.0,
TreeBranch,12,132654.734375,-72076.90625,8000.0,
TreeBranch,12,177217.515625,-25090.023438,8000.0,
TreeBranch,12,138911.859375,-35346.296875,8000.0,
TreeBranch,12,198400.6875,-65976.671875,8000.0,
TreeBranch,12,152841.1875,-31882.421875,8000.0,
TreeBranch,12,189476.4375,-52068.875,8000.0,
TreeBranch,12,175097.96875,-64389.316406,8000.0,
TreeBranch,12,110357.953125,-71350.90625,8000.0,
TreeBranch,12,136770.78125,-86723.007813,8000.0,
TreeBranch,12,153241.09375,-28987.648438,8000.0,
TreeBranch,12,107976.929688,-12311.21875,8000.0,
TreeBranch,12,125185.5625,-169.195313,8000.0,
TreeBranch,12,108985.945313,-42086.394531,8000.0,
TreeBranch,12,192555.78125,-31488.65625,8000.0,
TreeBranch,12,182182.609375,-61374.578125,8000.0,
TreeBranch,12,142711.046875,-30341.210938,8000.0,
TreeBranch,12,123238.28125,-30461.1875,8000.0,
TreeBranch,12,114655.5,-28978.421875,8000.0,
TreeBranch,12,134666.609375,-17393.203125,8000.0,
TreeBranch,12,155659.046875,-51441.316406,8000.0,
TreeBranch,12,187258.4375,-84120.484375,8000.0,
TreeBranch,12,144310.703125,-71676.992188,8000.0,
TreeBranch,12,158996.796875,-85830.890625,8000.0,
TreeBranch,12,158679.9375,-97437.640625,8000.0,
TreeBranch,12,149771.078125,-98486.648438,8000.0,
TreeBranch,12,108370.6875,-61836.015625,8000.0,
TreeBranch,12,118251.65625,-22465.96875,8000.0,
TreeBranch,12,120405.039063,-61220.765625,8000.0,
TreeBranch,12,154483.90625,-85326.382813,8000.0,
TreeBranch,12,195309.03125,-16374.960938,8000.0,
TreeBranch,12,131313.484375,-85904.71875,8000.0,
TreeBranch,12,119285.28125,-1344.328125,8000.0,
TreeBranch,12,149066.609375,-10127.0625,8000.0,
TreeBranch,12,164955.53125,-14513.820313,8000.0,
TreeBranch,12,113351.164063,-62220.550781,8000.0,
TreeBranch,12,139231.78125,-32959.109375,8000.0,
TreeBranch,12,162774.453125,-20088.015625,8000.0,
TreeBranch,12,133263.828125,-31999.320313,8000.0,
TreeBranch,12,185732.625,-91466.609375,8000.0,
TreeBranch,12,129861.484375,-4515.960938,8000.0,
TreeBranch,12,143006.375,-54683.703125,8000.0,
TreeBranch,12,109631.960938,-65143.003906,8000.0,
TreeBranch,12,140905.28125,-70338.820313,8000.0,
TreeBranch,12,129744.585938,-69139.070313,8000.0,
TreeBranch,12,157329.453125,-48457.335938,8000.0,
TreeBranch,12,101264.515625,-40646.695313,8000.0,
TreeBranch,12,179893.875,-50272.332031,8000.0,
TreeBranch,12,150244.8125,-33718.945313,8000.0,
TreeBranch,12,154453.15625,-20398.71875,8000.0,
TreeBranch,12,179697.0,-15233.664063,8000.0,
TreeBranch,12,200794.015625,-18109.976563,8000.0,
TreeBranch,12,122364.625,-5872.59375,8000.0,
TreeBranch,12,191432.9375,-49927.796875,8000.0,
TreeBranch,12,106349.585938,-60288.65625,8000.0,
TreeBranch,12,158267.71875,-67394.828125,8000.0,
TreeBranch,12,108189.1875,-20254.132813,8000.0,
TreeBranch,12,119054.5625,-38671.734375,8000.0,
TreeBranch,12,129883.015625,-33076.007813,8000.0,
TreeBranch,12,183634.609375,-53031.746094,8000.0,
TreeBranch,12,172126.296875,-55501.988281,8000.0,
TreeBranch,12,136647.71875,-64450.84375,8000.0,
TreeBranch,12,132922.359375,-40982.011719,8000.0,
TreeBranch,12,163162.0625,-39797.648438,8000.0,
TreeBranch,12,113551.125,-38548.6875,8000.0,
TreeBranch,12,200252.59375,-17051.742188,8000.0,
TreeBranch,12,152207.46875,-86735.3125,8000.0,
TreeBranch,12,185772.625,-32596.117188,8000.0,
TreeBranch,12,169662.21875,-37985.730469,8000.0,
TreeBranch,12,199431.234375,-27827.898438,8000.0,
TreeBranch,12,155339.125,-3451.570313,8000.0,
TreeBranch,12,146519.46875,-97360.734375,8000.0,
TreeBranch,12,168502.46875,-41560.351563,8000.0,
TreeBranch,12,197059.4375,-80250.546875,8000.0,
CanOfBeets,19,118943.8125,-82908.4375,8000.0,
CanOfBeets,19,135491.046875,-45377.992188,8000.0,
CanOfBeets,19,178072.71875,-74288.742188,8000.0,
CanOfBeets,19,190485.453125,-51078.316406,8000.0,
