0,0.0,-6521.679688,-5291.179688,1643.285156,295,
0,0.0,-78533.984375,-49469.429688,8000.0,196,
0,2.0,-89365.515625,-19395.859375,890.366699,241,
0,1.0,-85120.273438,-57264.6875,7417.4375,97,
0,2.0,-16833.328125,-47866.695313,4920.180176,225,
0,1.0,-60894.683594,-7850.632813,3862.578613,135,
0,0.0,-27317.242188,-53077.890625,3645.506348,259,
0,2.0,-64380.089844,-6324.804688,2630.603027,334,
1,0.0,-66145.867188,-89519.335938,6044.061523,176,
1,1.0,-85360.21875,-61989.832031,7009.142578,300,
1,1.0,-58018.371094,-52757.957031,4029.340332,186,
1,0.0,-97366.890625,-20826.320313,1118.992188,291,
1,1.0,-70474.171875,-9268.789063,1978.399414,214,
1,1.0,-55941.890625,-12052.804688,5853.913086,178,
1,1.0,-82065.539063,-13135.65625,758.32666,210,
1,0.0,-44430.507813,-56800.171875,7346.061035,240,
1,0.0,-72667.546875,-41923.351563,8000.0,290,
1,1.0,-48884.9375,-45316.46875,2397.134277,195,
1,0.0,-63832.511719,-49460.199219,4515.28125,157,
1,0.0,-18383.765625,-16577.992188,2867.291016,322,
1,0.0,-55698.867188,-91651.1875,5991.146484,295,
1,1.0,-31584.015625,-61823.710938,4595.366699,62,
2,0.0,-72492.203125,-10471.609375,1645.53125,19,
2,1.0,-13870.882813,-73141.296875,2626.651367,95,
2,1.0,-31067.210938,-10730.015625,5012.941406,37,
2,0.0,-17814.648438,-5100.445313,3954.611816,322,
2,1.0,-59805.683594,-45387.226563,3974.22168,316,
2,1.0,-350.695313,-81010.382813,1301.497559,35,
2,0.0,-2242.59375,-74977.828125,1881.340332,184,
2,0.0,-33368.257813,-72033.84375,3511.313965,0,
2,0.0,-68105.445313,-90912.882813,6611.570313,321,
2,1.0,-75466.953125,-52247.296875,7327.662109,70,
2,0.0,-42587.820313,-76546.71875,2512.743652,160,
2,1.0,-64001.707031,-84784.960938,4630.515137,229,
3,0.0,-55760.390625,-58507.496094,5255.053711,166,
3,0.0,-82800.765625,-31445.59375,5260.805664,79,
3,0.0,-5374.234375,-20906.304688,2616.294434,14,
3,0.0,-48866.480469,-82280.882813,2088.297852,304,
3,0.0,-43990.597656,-2005.726563,3055.63916,109,
3,0.0,-81305.703125,-43092.332031,6751.524414,238,
3,0.0,-51185.984375,-94933.5625,6835.631348,16,
3,0.0,-31759.367188,-8924.242188,5275.561523,30,
3,0.0,-9631.789063,-20509.460938,3090.213379,34,
3,0.0,-37508.910156,-100344.710938,2309.218262,73,
3,0.0,-37859.601563,-51293.65625,5340.793945,294,
3,0.0,-98585.085938,-34568.0,7670.280273,325,
3,0.0,-45719.460938,-79567.617188,2555.531738,332,
3,0.0,-49610.9375,-82200.898438,1915.224121,99,
3,0.0,-25616.0625,-14126.210938,5061.606445,57,
3,0.0,-35690.832031,-76306.773438,1756.767578,77,
3,0.0,-17808.5,-74199.53125,2632.685547,11,
3,0.0,-48928.007813,-13621.703125,8000.0,168,
3,0.0,-77789.53125,-14464.601563,1734.36084,63,
3,0.0,-78149.453125,-20266.4375,2611.216309,280,
3,0.0,-71034.054688,-13843.195313,2655.095703,106,
3,0.0,-9905.570313,-49604.785156,8000.0,212,
3,0.0,-29390.640625,-42489.382813,3190.851074,5,
3,0.0,-4998.929688,-50982.953125,8000.0,109,
4,0.0,-9496.429688,-51804.316406,7675.098145,299,
4,0.0,-4036.0625,-72830.59375,2012.419922,138,
4,1.0,-29562.914063,-42095.621094,3340.17041,274,
4,1.0,-36712.152344,-73941.125,2719.069824,154,
4,0.0,-73741.164063,-1159.75,1300.823242,114,
4,1.0,-48361.976563,-67871.65625,3958.012207,6,
4,1.0,-21623.070313,-17793.117188,5550.458984,32,
4,0.0,-16122.710938,-48189.703125,4901.0,278,
4,1.0,-35386.285156,-3291.609375,4471.817383,333,
4,0.0,-43409.183594,-33279.039063,3425.186523,292,
4,0.0,-18374.53125,-6878.53125,3543.479492,60,
4,0.0,-65456.78125,-93509.25,6957.081055,73,
4,1.0,-66084.34375,-24087.15625,2494.820801,349,
4,1.0,-61866.777344,-56489.46875,4139.231445,49,
4,0.0,-63355.695313,-25800.640625,2012.23877,214,
4,0.0,-72329.15625,-87981.203125,7942.091797,306,
4,1.0,-80708.90625,-56837.085938,5155.869141,121,
4,1.0,-10034.78125,-1575.046875,5090.349609,179,
4,1.0,-65779.789063,-63749.457031,3662.299316,258,
4,1.0,-44279.769531,-4780.515625,2918.654297,39,
5,0.0,-81634.867188,-23794.914063,2247.929199,210,
5,0.0,-22087.585938,-44212.09375,3935.143555,191,
5,0.0,-31777.820313,-15941.210938,4632.504883,263,
5,0.0,-29679.8125,-76894.335938,630.498047,214,
5,0.0,-72870.578125,-26825.039063,3403.188965,98,
5,0.0,-29067.640625,-16021.1875,5299.249512,125,
5,0.0,-61140.78125,-64069.386719,4351.529785,308,
5,0.0,-51465.925781,-44615.085938,2109.797363,97,
5,0.0,-40526.726563,-17039.4375,3943.675537,180,
5,0.0,-9674.851563,-20404.875,3059.064941,127,
5,0.0,-82431.617188,-46054.773438,8000.0,159,
5,0.0,-46916.128906,-47974.367188,2598.128418,218,
5,0.0,-10410.085938,-33066.78125,3544.626465,121,
5,0.0,-72913.65625,-19835.765625,4197.599609,58,
6,0.0,-69351.335938,-80573.554688,7006.816895,110,
6,0.0,-19875.75,-11772.867188,3036.533691,92,
6,0.0,-18291.476563,-60906.988281,3562.187988,192,
6,1.0,-68480.75,-13670.921875,2938.957031,82,
6,0.0,-93007.820313,-18672.9375,725.722656,279,
6,1.0,-38656.351563,-6121.765625,3347.623047,274,
6,0.0,-10179.367188,-30101.257813,4040.657227,95,
6,1.0,-63577.183594,-19202.054688,3297.652832,192,
6,0.0,-46497.753906,-91620.421875,3395.836426,180,
6,0.0,-1218.203125,-64644.648438,3355.410645,122,
6,0.0,-32891.429688,-77611.109375,585.442383,66,
6,0.0,-49681.691406,-50081.605469,2522.658203,127,
6,0.0,-19995.726563,-73055.15625,3062.736816,358,
6,1.0,-97529.929688,-31882.421875,6452.587891,104,
6,0.0,-77005.085938,-56587.910156,4675.490234,191,
6,1.0,-8201.328125,-11446.78125,2449.414063,307,
6,0.0,-4965.09375,-67130.265625,2857.327637,80,
6,1.0,-66942.617188,-430.679688,2284.824707,186,
6,1.0,-37684.253906,-37367.402344,4240.621582,40,
6,0.0,-81302.625,-27517.195313,3371.993164,75,
6,0.0,-49964.710938,-87710.492188,2812.14502,24,
7,16.0,-5300.40625,-64632.34375,3388.008301,325,
7,13.0,-42187.90625,-77192.734375,2432.452637,194,
7,10.0,-1682.71875,-38613.285156,6021.46582,103,
7,19.0,-19958.8125,-43719.886719,4071.101074,103,
7,12.0,-19075.921875,-58593.632813,3182.520508,113,
7,1.0,-46731.550781,-42077.164063,3801.285645,244,
7,13.0,-13797.054688,-50841.441406,3739.788574,105,
7,19.0,-34706.429688,-12055.882813,3929.422363,194,
7,8.0,-26597.390625,-6118.695313,4699.387207,111,
7,8.0,-50884.511719,-35770.820313,4840.69043,268,
7,15.0,-8090.578125,-21792.265625,3383.338379,270,
7,14.0,-68785.304688,-9567.1875,2463.804688,272,
7,6.0,-48312.75,-16347.273438,8000.0,289,
7,12.0,-15304.421875,-7459.945313,4123.864746,163,
7,6.0,-39286.992188,-36133.820313,4597.594238,210,
7,1.0,-56978.59375,-27160.351563,5406.088379,204,
7,7.0,-80970.390625,-45482.589844,8000.0,323,
7,19.0,-16817.945313,-25908.3125,4028.684082,272,
7,14.0,-17808.5,-6653.960938,3871.806152,218,
7,12.0,-38600.980469,-44513.566406,5229.361328,101,
7,8.0,-21103.179688,-47955.910156,4182.583496,232,
7,4.0,-79296.90625,-16362.65625,1624.967285,121,
7,13.0,-36521.429688,-17934.625,2722.251465,202,
7,19.0,-1495.070313,-6303.265625,624.822266,161,
7,2.0,-27437.210938,-63211.109375,4871.356934,101,
8,1.0,-57064.730469,-82554.671875,3005.51709,120,
8,1.0,-32811.453125,-44525.871094,4831.580078,330,
8,1.0,-30667.296875,-55954.195313,4459.208496,36,
8,1.0,-22964.328125,-19128.21875,7076.212891,315,
8,0.0,-13424.820313,-55778.851563,3738.171875,319,
8,1.0,-75753.046875,-13781.671875,2120.650879,247,
8,0.0,-98889.640625,-21881.476563,1408.025391,155,
8,1.0,-18002.304688,-53573.167969,3350.980957,72,
8,1.0,-27471.054688,-69305.1875,4857.321289,115,
8,0.0,-34297.289063,-45276.480469,5591.509766,313,
8,1.0,-70326.507813,-39259.300781,3877.053711,226,
8,0.0,-67422.515625,-74294.890625,7650.718262,139,
8,0.0,-15006.023438,-1593.507813,5213.834961,121,
8,1.0,-39776.117188,-91851.140625,1661.583496,340,
8,0.0,-61433.027344,-24936.210938,2178.123047,343,
8,0.0,-3879.171875,-51727.410156,8000.0,359,
8,1.0,-33518.992188,-738.304688,4695.804199,231,
8,0.0,-66647.296875,-9607.179688,2921.111816,173,
8,0.0,-21152.398438,-62011.363281,4101.953613,62,
8,0.0,-46082.460938,-87402.859375,2430.838379,117,
8,1.0,-70212.6875,-57806.109375,2667.973633,150,
8,0.0,-57956.847656,-64407.773438,4497.316406,69,
8,1.0,-20894.0,-18269.945313,5034.180664,323,
8,0.0,-55517.367188,-88559.539063,4450.034668,178,
8,0.0,-74076.484375,-8508.953125,1172.619629,284,
8,0.0,-14400.0,-51967.359375,3258.270508,172,
8,1.0,-12966.460938,-24253.28125,4366.396484,239,
8,1.0,-27981.710938,-6404.789063,4880.353516,338,
8,1.0,-52444.179688,-56191.070313,5351.142578,219,
8,1.0,-84452.726563,-32593.039063,5963.638672,223,
8,0.0,-50413.84375,-59390.386719,6436.959961,137,
8,0.0,-6983.117188,-78460.15625,637.879883,104,
8,1.0,-21721.507813,-20915.53125,6292.706055,311,
8,0.0,-56910.917969,-51450.546875,3379.478027,100,
8,0.0,-30821.109375,-57369.28125,4298.342285,27,
8,1.0,-64715.402344,-88614.914063,5541.517578,145,
8,0.0,-61869.859375,-40969.707031,4583.171387,244,
8,1.0,-31417.90625,-62912.710938,4887.503906,132,
8,0.0,-62149.796875,-11782.101563,3629.963379,163,
8,0.0,-54182.265625,-91288.1875,5593.605469,230,
8,0.0,-59971.800781,-34752.578125,4885.566406,86,
8,1.0,-6250.976563,-77866.4375,879.117188,85,
8,0.0,-3270.070313,-68797.609375,3071.45752,339,
8,1.0,-41141.976563,-13720.148438,4638.15918,120,
8,1.0,-40391.367188,-63817.132813,6598.188477,296,
8,0.0,-64500.0625,-16168.851563,3738.291504,177,
8,1.0,-48761.890625,-64250.886719,4706.836914,210,
8,0.0,-62860.414063,-48011.28125,4714.55957,105,
8,1.0,-58187.566406,-48029.738281,2868.374512,206,
8,0.0,-16651.828125,-77795.6875,1377.291992,41,
8,0.0,-56714.035156,-4934.328125,2902.759766,41,
8,1.0,-2171.84375,-76276.007813,1818.896484,11,
8,1.0,-86326.171875,-52754.882813,7686.217285,349,
8,1.0,-79361.5,-50659.945313,8000.0,297,
8,1.0,-9145.734375,-19349.710938,2856.169922,123,
8,1.0,-53471.652344,-74636.359375,2969.901855,158,
8,0.0,-6017.179688,-3614.609375,1630.230469,253,
8,0.0,-39163.941406,-13255.625,3963.200439,297,
8,1.0,-17540.867188,-15931.984375,2873.862305,62,
8,0.0,-31777.820313,-72255.328125,3442.98877,294,
8,1.0,-33439.007813,-16125.789063,3410.068848,273,
8,1.0,-19140.523438,-3909.9375,2931.408691,241,
8,0.0,-28766.164063,-39733.050781,3633.737793,309,
8,0.0,-4146.804688,-43113.863281,8000.0,303,
8,1.0,-60507.070313,-26443.578125,2183.013672,124,
8,0.0,-12966.460938,-23299.632813,4105.468262,25,
8,1.0,-25582.226563,-46673.105469,3947.632813,249,
8,1.0,-26649.6875,-39370.050781,3881.269043,272,
8,0.0,-79238.453125,-29538.304688,3653.645508,129,
8,0.0,-87055.242188,-30285.835938,5517.330078,45,
8,1.0,-85957.015625,-51908.90625,7318.839844,134,
8,0.0,-27363.382813,-10742.320313,5476.058594,100,
8,0.0,-54865.199219,-75737.664063,3198.959961,229,
8,1.0,-26732.75,-7367.65625,5020.108398,247,
8,0.0,-15735.101563,-10483.914063,3893.344727,228,
8,1.0,-14347.703125,-51216.746094,3518.277832,75,
8,1.0,-9825.59375,-13464.8125,2919.512695,284,
9,10.0,-34315.742188,-58692.074219,4734.412109,21,
9,7.0,-16101.179688,-6792.398438,4388.553711,192,
9,15.0,-44455.117188,-7484.554688,4659.172852,163,
9,2.0,-69120.617188,-58298.3125,2373.646973,245,
9,2.0,-68151.59375,-11222.21875,3058.76416,343,
9,6.0,-91402.007813,-34404.960938,7411.567871,79,
9,0.0,-8761.210938,-12375.820313,2638.858887,46,
9,13.0,-58873.574219,-58193.71875,4692.225098,40,
9,4.0,-40203.714844,-34118.859375,4264.264648,163,
9,15.0,-47211.453125,-24105.617188,8000.0,28,
9,1.0,-13960.09375,-41231.1875,3611.229004,137,
9,11.0,-34241.914063,-62786.585938,4233.945801,318,
9,0.0,-31771.671875,-99809.445313,496.946289,335,
9,3.0,-12203.546875,-33312.882813,3904.426025,161,
9,12.0,-62122.109375,-7893.695313,3728.054199,96,
9,6.0,-16298.054688,-6106.390625,4659.857422,36,
9,1.0,-35884.636719,-6284.8125,4027.356934,85,
9,8.0,-14695.320313,-54988.25,3077.26123,308,
9,18.0,-8785.820313,-24994.65625,4085.8396,90,
9,8.0,-7343.046875,-17663.921875,2493.443848,0,
9,3.0,-42557.058594,-72769.0625,4276.05127,323,
9,5.0,-7742.960938,-76786.671875,911.07666,55,
9,5.0,-85332.539063,-46617.734375,7043.37793,205,
9,12.0,-5165.046875,-22933.554688,3485.22168,270,
9,6.0,-36219.953125,-82068.617188,854.913574,28,
9,5.0,-74451.78125,-27867.890625,3144.369141,63,
9,16.0,-61014.65625,-37299.71875,5212.34668,36,
9,5.0,-41271.183594,-10856.140625,4549.391113,175,
9,18.0,-42086.394531,-7672.203125,4490.459961,269,
9,9.0,-50955.265625,-93967.609375,6191.081055,74,
9,1.0,-13544.796875,-11083.78125,3877.720215,21,
9,15.0,-2550.226563,-19632.726563,2237.252441,360,
9,15.0,-20946.289063,-72261.484375,3051.787598,336,
9,17.0,-93927.625,-26874.257813,3692.817383,202,
9,4.0,-65023.03125,-55554.28125,2563.033691,237,
9,7.0,-18260.71875,-14443.0625,2957.587891,239,
9,14.0,-10010.171875,-34032.726563,3095.19873,315,
10,0.0,-56993.976563,-8579.710938,2975.11084,154,
10,0.0,-60085.621094,-33460.539063,4628.160645,154,
10,0.0,-29889.0,-4946.632813,4437.084961,292,
10,0.0,-78210.984375,-64576.96875,5663.427734,173,
10,0.0,-54231.488281,-50819.910156,2244.109375,251,
10,0.0,-26760.4375,-42261.742188,3343.722656,60,
10,0.0,-98763.515625,-19128.21875,695.697266,54,
10,0.0,-47183.765625,-31334.84375,7624.844727,82,
11,0.0,-17974.617188,-60636.273438,3517.898438,356,
11,1.0,-86990.640625,-34454.179688,6732.367676,151,
11,1.0,-11766.71875,-11788.25,3783.38916,74,
11,0.0,-40619.011719,-2128.773438,4731.133789,177,
11,1.0,-36779.835938,-96886.992188,1805.804688,324,
11,0.0,-68763.765625,-36610.640625,4355.486816,337,
12,0.0,-37284.339844,-81770.21875,1383.735352,2,
12,0.0,-64573.894531,-60531.679688,2986.566895,6,
12,0.0,-36376.84375,-65918.21875,4948.341797,248,
12,1.0,-63380.304688,-7392.265625,3132.311523,6,
12,1.0,-62371.289063,-41409.609375,4724.566895,138,
12,0.0,-59433.457031,-91795.773438,6247.089844,174,
12,0.0,-35503.179688,-34814.101563,3532.597656,227,
12,0.0,-7782.953125,-60239.4375,5334.994141,244,
13,0.0,-10120.914063,-3267.0,4983.337402,300,
13,0.0,-63669.472656,-48605.0,4631.050781,50,
13,1.0,-58784.363281,-27074.21875,2781.154785,149,
13,0.0,-30968.765625,-69440.546875,4573.499023,253,
13,1.0,-36939.800781,-71507.796875,3399.949219,277,
13,0.0,-71843.109375,-82059.390625,7945.228027,208,
13,1.0,-79650.671875,-15928.90625,1368.935547,201,
14,0.0,-34986.375,-43947.53125,5220.160156,149,
14,0.0,-9118.046875,-55388.164063,6405.654297,247,
14,0.0,-57495.40625,-18771.375,7523.231934,273,
14,0.0,-61196.15625,-10074.765625,3618.395508,246,
14,0.0,-20035.71875,-18392.992188,4231.425781,342,
14,0.0,-36376.84375,-46223.96875,6441.250977,105,
15,0.0,-57799.957031,-52921.0,3930.975586,72,
15,0.0,-46193.207031,-79459.945313,2430.393066,33,
15,0.0,-52090.40625,-84541.9375,2492.621582,6,
15,0.0,-53419.355469,-10428.539063,4540.491211,87,
15,0.0,-16710.273438,-52139.628906,3522.697266,316,
15,0.0,-64933.820313,-86886.046875,5226.165039,225,
15,0.0,-82367.015625,-22062.976563,1724.833496,309,
15,0.0,-44639.695313,-87870.453125,2318.133301,214,
16,0.0,-62731.210938,-64010.9375,4136.155273,13,
16,0.0,-34672.59375,-52828.710938,6098.375977,310,
16,0.0,-28461.617188,-45301.089844,3249.51416,137,
16,0.0,-95625.71875,-17328.601563,526.015625,97,
16,0.0,-32897.585938,-58372.144531,4272.333496,149,
16,0.0,-61011.578125,-77269.640625,5383.467773,218,
16,0.0,-87913.523438,-27627.9375,4450.202637,265,
16,0.0,-39874.558594,-28766.164063,4909.964355,261,
16,0.0,-48817.261719,-12280.453125,7736.954102,284,
16,0.0,-41163.511719,-2562.53125,4323.136719,108,
16,0.0,-40474.429688,-53105.578125,5263.037109,19,
16,0.0,-35189.40625,-76288.3125,1645.537109,108,
16,0.0,-510.664063,-17100.960938,1502.125977,18,
16,0.0,-8302.84375,-65275.28125,3405.64209,185,
16,0.0,-6032.5625,-45839.4375,8000.0,30,
16,0.0,-5020.46875,-965.945313,1529.614746,284,
16,0.0,-57446.1875,-95182.742188,7704.815918,205,
16,0.0,-56750.953125,-42320.1875,2797.35498,139,
16,0.0,-56861.699219,-39237.769531,3421.589355,10,
16,0.0,-51755.097656,-775.21875,6084.180664,207,
16,0.0,-71135.570313,-37228.96875,3940.551758,282,
16,0.0,-93127.796875,-23139.671875,2041.850098,32,
16,0.0,-19669.640625,-73319.71875,3052.282715,82,
16,0.0,-1965.734375,-48918.773438,8000.0,339,
16,0.0,-66631.921875,-64346.25,3746.935059,327,
16,0.0,-37195.128906,-55000.554688,5565.751953,10,
16,0.0,-37914.976563,-2381.03125,4360.231934,241,
16,0.0,-25136.171875,-36226.105469,5093.572266,340,
16,0.0,-17334.757813,-22702.835938,3737.129395,315,
16,0.0,-16168.851563,-20367.953125,2781.967285,214,
16,0.0,-47429.867188,-58725.914063,6909.460938,238,
16,0.0,-33872.765625,-53447.042969,6086.842773,239,
16,0.0,-30153.554688,-46660.800781,4639.905762,174,
16,0.0,-48020.507813,-63512.582031,5403.341797,61,
16,0.0,-60885.453125,-35466.265625,5219.148438,277,
16,0.0,-73648.875,-41551.121094,8000.0,217,
16,0.0,-4992.773438,-33343.640625,4134.116211,79,
16,0.0,-47617.519531,-13787.820313,8000.0,21,
16,0.0,-2036.484375,-84289.679688,767.446289,59,
16,0.0,-53219.398438,-76749.75,2690.480957,197,
16,0.0,-19217.4375,-15836.617188,2959.757324,334,
16,0.0,-20681.734375,-63441.828125,4292.230469,76,
16,0.0,-27197.265625,-2254.898438,3971.966309,92,
16,0.0,-53893.101563,-94936.640625,7600.314453,194,
16,0.0,-9804.0625,-64863.0625,3469.282227,353,
16,0.0,-64183.207031,-50973.722656,4150.970215,164,
16,0.0,-29802.859375,-1116.6875,3623.189453,56,
16,0.0,-71043.28125,-33008.335938,3462.614746,9,
16,0.0,-41221.957031,-68917.578125,5121.76709,26,
16,0.0,-31384.0625,-31445.59375,3440.624023,344,
16,0.0,-41867.980469,-34900.234375,4101.400879,184,
16,0.0,-73104.382813,-10730.015625,1585.50293,13,
16,0.0,-8072.125,-19454.304688,2792.287109,184,
16,0.0,-70597.21875,-21349.28125,4357.536133,10,
16,0.0,-26926.554688,-8373.601563,5295.797852,273,
16,0.0,-47712.878906,-89079.429688,2868.012207,16,
16,0.0,-34125.015625,-18639.09375,3481.365234,110,
16,0.0,-63792.523438,-35318.605469,5833.985352,204,
16,0.0,-72421.453125,-52031.960938,6813.399414,321,
16,0.0,-6500.148438,-15341.335938,1856.440918,43,
16,0.0,-18279.171875,-36087.671875,4465.115723,347,
16,0.0,-25960.609375,-51788.933594,3609.590332,95,
16,0.0,-10929.976563,-71830.804688,2119.088867,119,
16,0.0,-37339.714844,-79927.539063,1777.81543,149,
16,0.0,-41508.054688,-13517.117188,4795.586426,149,
16,0.0,-52438.027344,-42987.734375,1872.154785,174,
16,0.0,-35558.558594,-45187.269531,5949.975586,171,
16,0.0,-76069.898438,-18632.945313,3090.118652,149,
16,0.0,-93041.65625,-24745.484375,2762.219238,80,
16,0.0,-15058.320313,-1113.609375,5255.199219,114,
16,0.0,-47023.800781,-6881.609375,3472.549316,3,
16,0.0,-54769.835938,-90725.226563,5386.959961,258,
16,0.0,-67708.609375,-30276.609375,3315.605957,119,
16,0.0,-18995.9375,-48660.371094,4599.335449,239,
16,0.0,-17854.648438,-35312.453125,4578.297363,139,
16,0.0,-64832.300781,-28581.585938,2958.973633,342,
16,0.0,-25280.75,-37170.519531,4734.620117,203,
16,0.0,-15239.820313,-39151.636719,3583.036133,61,
16,0.0,-37432.0,-16430.335938,2423.042969,26,
16,0.0,-34930.992188,-22161.421875,4043.449463,179,
16,0.0,-68363.851563,-92355.648438,6866.96582,180,
16,0.0,-63654.09375,-55237.425781,3636.477051,266,
16,0.0,-82563.898438,-67850.117188,7750.742676,208,
16,0.0,-5137.359375,-30172.015625,2494.111816,295,
16,0.0,-81844.046875,-34371.117188,6135.271484,328,
16,0.0,-72547.578125,-27141.890625,3334.567871,63,
16,0.0,-50749.15625,-44467.421875,2179.07666,294,
16,0.0,-43116.941406,-16347.273438,6732.857422,198,
16,0.0,-21432.34375,-30319.671875,6163.693359,203,
16,0.0,-61399.1875,-73984.195313,6159.15918,90,
16,0.0,-79438.40625,-16101.179688,1501.928711,159,
16,0.0,-73285.875,-52985.601563,6070.015625,111,
16,0.0,-40511.34375,-56507.925781,5219.796875,206,
16,0.0,-59876.4375,-50370.777344,4764.785645,324,
16,0.0,-64124.757813,-21370.820313,2552.881348,332,
16,0.0,-53296.304688,-34552.617188,5636.624023,230,
17,1.0,-99437.210938,-31362.53125,6775.911133,280,
17,0.0,-82416.234375,-39416.191406,7065.649902,125,
17,0.0,-21438.5,-67071.820313,4679.993652,24,
17,0.0,-63309.546875,-55037.46875,3911.349854,5,
17,1.0,-70781.796875,-36195.34375,3990.097656,140,
17,1.0,-39053.191406,-84308.140625,1547.900879,278,
17,0.0,-81696.390625,-30175.085938,4433.428223,337,
17,1.0,-8758.125,-40465.203125,3528.484375,176,
17,1.0,-32020.851563,-29925.914063,3916.805908,288,
17,1.0,-2608.671875,-80490.492188,963.39502,343,
17,0.0,-30039.734375,-62039.050781,4712.007324,171,
17,0.0,-56231.0625,-91260.5,5841.150391,228,
17,0.0,-79069.257813,-50029.308594,8000.0,254,
17,1.0,-64675.410156,-37576.585938,5800.892578,25,
17,0.0,-49272.546875,-52265.753906,4304.200684,133,
17,1.0,-50327.710938,-50115.449219,2419.480469,163,
17,1.0,-22850.5,-62549.710938,4126.584961,267,
17,1.0,-4008.375,-14455.367188,798.828125,127,
17,0.0,-44765.816406,-95865.671875,5057.575195,235,
17,1.0,-51250.589844,-41418.839844,2401.087402,81,
17,0.0,-8588.9375,-75442.34375,1169.236328,30,
17,0.0,-78023.328125,-58378.296875,4917.779785,113,
17,0.0,-4519.03125,-70901.773438,2606.572754,163,
17,1.0,-24364.023438,-13658.617188,4700.789551,64,
17,1.0,-22198.335938,-6660.117188,2455.066895,302,
17,0.0,-61399.1875,-18316.085938,4128.280762,239,
17,1.0,-38936.296875,-72824.4375,3583.528809,44,
17,1.0,-21764.585938,-72756.765625,2860.979492,166,
17,1.0,-32805.296875,-66253.53125,5348.258789,33,
17,0.0,-44052.128906,-81754.835938,2761.558105,322,
17,0.0,-67047.210938,-53717.753906,2424.248535,159,
17,0.0,-47968.214844,-89820.804688,3132.728027,310,
17,0.0,-56086.476563,-48731.128906,2064.430176,220,
17,1.0,-60116.386719,-75306.984375,5732.758789,244,
17,0.0,-55778.851563,-66179.703125,3367.888672,11,
17,1.0,-49712.457031,-64001.707031,4396.818848,108,
17,1.0,-72839.820313,-3110.109375,1594.077637,301,
17,0.0,-3774.578125,-25157.703125,3368.305664,264,
17,0.0,-16193.460938,-72163.039063,2974.334961,326,
17,1.0,-59805.683594,-70240.375,5497.791992,221,
17,0.0,-49472.503906,-50595.34375,2923.851563,324,
17,1.0,-9302.625,-71858.492188,1945.369629,39,
17,0.0,-35195.554688,-79013.882813,887.10791,13,
17,0.0,-3882.25,-34257.296875,3641.379883,333,
17,0.0,-68917.578125,-46786.929688,8000.0,250,
17,1.0,-84748.046875,-19211.28125,895.27832,321,
17,1.0,-34632.601563,-45599.488281,5818.317383,113,
17,0.0,-5444.992188,-36982.867188,3776.858398,336,
17,1.0,-53225.550781,-82573.125,2379.27002,202,
17,0.0,-69862.0,-68594.578125,5819.319336,76,
17,1.0,-44605.855469,-89817.734375,2551.081543,183,
17,1.0,-41126.597656,-33808.164063,4220.962402,98,
17,0.0,-69154.453125,-32599.1875,3615.301758,321,
18,0.0,-73473.53125,-8681.21875,1253.136719,214,
18,1.0,-58627.472656,-54425.292969,4349.707031,112,
18,1.0,-96936.210938,-17159.40625,478.935547,223,
18,1.0,-36487.585938,-34186.546875,3738.993652,49,
18,0.0,-66502.71875,-33851.226563,4478.085449,322,
18,1.0,-53766.972656,-88476.476563,3993.591797,85,
18,0.0,-37161.292969,-24794.703125,5030.973633,170,
18,0.0,-71172.484375,-24007.179688,4173.850586,148,
18,1.0,-34192.695313,-16199.617188,2927.378906,352,
18,1.0,-32922.195313,-43842.941406,4632.912109,79,
