0,0.0,71710.828125,1461.226196,5199.350586,280,
0,0.0,2408.716064,85323.304688,848.791016,92,
0,0.0,53677.761719,5743.388184,1609.870605,127,
0,0.0,95708.78125,100246.273438,2176.549805,233,
0,0.0,59722.621094,86790.6875,1065.149414,154,
0,0.0,21013.970703,55603.5,892.612793,330,
0,0.0,85000.296875,90817.515625,1424.618164,242,
0,0.0,99354.15625,93964.539063,3849.165527,142,
0,0.0,29627.515625,98729.671875,784.67334,15,
0,0.0,98948.09375,97231.53125,2886.780762,128,
0,0.0,7404.571777,46888.441406,1300.762695,239,
0,0.0,46.143986,94395.210938,1397.148926,107,
0,0.0,54914.421875,54289.941406,1671.258789,148,
0,0.0,22010.681641,69828.15625,1387.722656,271,
0,0.0,23465.755859,80170.5625,707.046875,270,
0,0.0,99311.085938,94207.5625,3763.950684,199,
0,0.0,95785.6875,69016.023438,2384.835449,18,
0,0.0,72123.046875,89334.757813,1220.300781,339,
0,0.0,1193.591064,40335.996094,1266.958984,257,
0,0.0,99960.179688,68274.640625,3092.780273,259,
1,0.0,98200.554688,98837.34375,2264.010254,144,
1,0.0,21352.361328,64561.589844,1181.258301,129,
1,0.0,25462.251953,60479.382813,954.194336,296,
1,0.0,51382.867188,34072.71875,5665.470703,41,
1,0.0,11708.267578,72606.023438,1914.412109,258,
1,0.0,56907.839844,51988.890625,2950.03125,195,
1,0.0,49927.792969,49792.4375,3896.812012,246,
1,0.0,98840.421875,86193.890625,6800.144531,152,
1,0.0,94059.90625,42658.574219,1152.341309,270,
1,0.0,66745.734375,61408.417969,654.447266,328,
1,0.0,67007.21875,33315.957031,2471.535156,154,
1,0.0,85492.5,4316.000977,2236.967773,120,
1,0.0,50844.519531,40449.820313,4242.955566,86,
1,0.0,82668.492188,83240.679688,3433.544922,134,
1,0.0,67.677849,51041.398438,1441.990234,82,
1,0.0,44073.660156,91463.539063,954.944336,32,
1,0.0,26932.707031,72396.84375,701.379395,146,
1,0.0,7487.630859,84166.632813,722.49707,130,
1,0.0,2608.67334,90113.054688,1222.220703,231,
1,0.0,7386.11377,46340.867188,1316.403809,288,
1,0.0,4334.458496,42031.019531,1429.711914,104,
1,0.0,261.482574,99652.554688,5502.980469,178,
2,0.0,8942.704102,57523.09375,654.85498,197,
2,0.0,9121.12793,87781.242188,1032.922852,158,
2,0.0,92592.523438,65598.289063,871.473145,224,
2,0.0,45479.511719,48546.550781,3317.275879,113,
2,0.0,55461.996094,84957.234375,1317.699219,240,
2,0.0,9650.245117,63291.089844,1282.84082,286,
2,0.0,16956.376953,67440.976563,1334.756836,336,
2,0.0,16602.605469,71803.117188,1693.028809,169,
2,0.0,35395.515625,86584.578125,986.083496,358,
2,0.0,53560.863281,86116.984375,1357.643555,319,
2,0.0,50881.433594,83049.945313,1941.676758,252,
2,0.0,44931.9375,68825.296875,1087.72168,316,
2,0.0,7213.843262,62177.484375,907.526855,164,
2,0.0,30378.125,63352.617188,483.086426,120,
2,0.0,15245.973633,97210.0,1483.253906,33,
2,0.0,24453.236328,64878.449219,1080.605957,190,
2,0.0,51385.941406,41375.773438,3740.456543,92,
2,0.0,52782.566406,89605.46875,983.416504,326,
2,0.0,18528.347656,63552.574219,1189.887207,202,
2,0.0,39016.277344,47571.371094,1318.367188,63,
3,0.0,53339.371094,83748.257813,1584.457031,216,
3,0.0,55926.511719,28098.609375,7537.519531,176,
3,0.0,50407.691406,85169.492188,1912.279785,332,
3,0.0,91260.5,69723.5625,1906.411621,203,
3,0.0,91411.234375,89657.765625,3847.818848,95,
3,0.0,42996.96875,62678.914063,1336.820313,205,
3,0.0,83225.296875,7176.928223,2327.867676,161,
3,0.0,73184.367188,86630.71875,1722.327637,288,
3,0.0,38524.074219,44944.242188,628.911133,240,
3,0.0,49097.203125,73479.679688,1518.536621,120,
3,0.0,87144.460938,71846.1875,2355.052734,77,
3,0.0,87802.773438,78417.085938,6123.449219,179,
3,0.0,62780.433594,100526.210938,697.868164,260,
3,0.0,82108.609375,75626.914063,2703.222656,114,
3,0.0,14812.219727,85027.984375,731.441406,228,
3,0.0,30304.294922,49767.828125,920.821289,52,
3,0.0,59987.183594,11874.385742,6799.34375,268,
3,0.0,5165.050293,93358.515625,2233.142578,314,
3,0.0,60882.375,29596.753906,5695.787109,281,
3,0.0,5703.396973,81185.726563,1043.756836,151,
4,0.0,11459.089844,97010.039063,2542.124512,238,
4,0.0,56191.066406,78395.554688,1215.210449,250,
4,0.0,7936.765137,96373.257813,5429.988281,72,
4,0.0,59079.683594,66684.210938,1135.249023,27,
4,0.0,49687.84375,60448.621094,2013.124512,312,
4,0.0,61106.941406,57052.425781,3774.705566,20,
4,0.0,45098.054688,46833.070313,3016.198242,169,
4,0.0,47192.992188,2045.716675,633.93457,201,
4,0.0,26831.191406,76109.890625,589.633789,244,
4,0.0,48737.277344,77368.085938,1532.407715,347,
4,0.0,37167.445313,83659.046875,1278.733398,78,
4,0.0,22106.044922,59571.890625,994.566895,207,
4,0.0,1482.760132,65752.101563,1354.411133,181,
4,0.0,68677.632813,76229.867188,1316.938477,267,
4,0.0,99384.921875,22161.417969,945.098633,355,
4,0.0,33811.234375,86141.59375,724.218262,73,
4,0.0,25416.107422,66918.007813,982.468262,64,
4,0.0,40985.085938,87830.460938,1871.792969,10,
4,0.0,56870.925781,32282.332031,5142.878906,249,
4,0.0,67407.132813,12612.689453,7698.320801,39,
4,0.0,57873.789063,54588.335938,3282.306152,291,
4,0.0,69702.03125,18103.824219,7498.399902,30,
5,0.0,17303.996094,94872.039063,862.790039,3,
5,0.0,59956.421875,5041.999512,6417.000977,229,
5,0.0,42566.289063,39686.902344,1940.194824,148,
5,0.0,92435.632813,45402.605469,713.774414,170,
5,0.0,67339.460938,83240.679688,1425.747559,214,
5,0.0,47276.050781,70108.09375,1314.067871,289,
5,0.0,67216.40625,61079.253906,599.395508,121,
5,0.0,96268.664063,88811.789063,6360.650391,11,
5,0.0,17891.5625,90639.09375,595.677734,347,
5,0.0,70548.0,76482.117188,1306.409668,190,
5,0.0,60488.613281,30645.757813,5358.69043,194,
5,0.0,73873.445313,27517.199219,2032.343262,251,
5,0.0,65404.484375,74494.851563,1329.853516,9,
5,0.0,85843.195313,10210.125977,2274.952148,30,
5,0.0,52456.480469,59156.585938,1420.960938,267,
5,0.0,25265.371094,73756.546875,911.265625,120,
5,0.0,5426.532715,84677.289063,716.236328,291,
5,0.0,27181.884766,96994.664063,586.980469,277,
5,0.0,91457.382813,84148.171875,5684.789063,75,
5,0.0,18599.103516,70717.195313,1557.436523,76,
5,0.0,87104.460938,93635.382813,860.331055,75,
5,0.0,9281.09375,64607.730469,1369.475586,35,
5,0.0,26612.773438,58147.574219,880.026855,290,
5,0.0,51552.0625,34961.761719,5688.407227,217,
5,0.0,77943.34375,85775.523438,2109.16748,259,
6,0.0,80785.8125,90233.023438,1672.335938,64,
6,0.0,83591.375,5875.667969,2133.14502,331,
6,0.0,87119.84375,9641.016602,1703.399414,2,
6,0.0,18629.865234,95733.390625,654.95166,282,
6,0.0,34078.871094,99157.273438,773.683594,230,
6,0.0,72267.632813,34518.777344,869.975098,95,
6,0.0,53523.949219,70575.6875,1216.182129,167,
6,0.0,47805.171875,88950.226563,1720.386719,166,
6,0.0,90097.671875,96570.132813,1425.573242,78,
6,0.0,5718.77832,96923.90625,4531.313965,272,
6,0.0,84191.242188,72338.382813,2436.842285,257,
6,0.0,37601.195313,83428.328125,1359.161133,68,
6,0.0,46817.691406,46983.804688,3049.924316,250,
6,0.0,4285.238281,80561.25,1160.470215,14,
6,0.0,47623.671875,80530.484375,1999.025391,176,
6,0.0,88350.351563,76149.882813,5606.696289,318,
6,0.0,24696.261719,47512.925781,888.953613,54,
6,0.0,59888.742188,66588.84375,1117.792969,214,
6,0.0,75876.09375,82911.515625,2433.798828,261,
6,0.0,68302.328125,41560.351563,974.753418,172,
6,0.0,63312.628906,34657.210938,3051.328613,127,
6,0.0,100510.835938,77303.484375,7098.641602,330,
6,0.0,53228.625,33706.644531,5156.033203,22,
6,0.0,40938.945313,54616.019531,3579.306152,5,
6,0.0,52007.347656,17866.951172,2257.628906,195,
6,0.0,53794.65625,40523.648438,3952.928711,223,
6,0.0,181.49968,84031.273438,1088.354492,176,
6,0.0,2279.512939,71572.398438,887.796387,225,
6,0.0,63897.117188,28012.476563,5227.432617,253,
7,0.0,60900.832031,56880.15625,3659.262695,67,
7,0.0,97745.265625,96437.859375,3366.189941,171,
7,0.0,8090.579102,61482.246094,893.010742,8,
7,0.0,65650.585938,69862.0,1150.946289,317,
7,0.0,79558.382813,25896.005859,653.260254,211,
7,0.0,3759.197021,62380.519531,1356.265625,188,
7,0.0,100476.992188,21309.292969,1213.618164,342,
7,0.0,27941.722656,66188.929688,735.668457,326,
7,0.0,17313.224609,94419.828125,841.689453,128,
7,0.0,35570.859375,84828.03125,1025.765137,3,
7,0.0,11686.733398,86929.117188,934.048828,274,
7,0.0,63008.074219,8019.824707,7654.919434,54,
7,0.0,12068.19043,40951.25,488.446289,318,
7,0.0,64613.882813,66078.1875,947.904785,204,
7,0.0,99286.476563,62039.050781,1129.555664,39,
7,0.0,7367.65625,51755.097656,1070.163086,116,
7,0.0,25502.242188,45759.453125,1095.521973,20,
7,0.0,65296.820313,80410.507813,1571.455078,348,
7,0.0,97151.546875,88824.09375,6431.507813,64,
7,0.0,21758.427734,56535.609375,719.016602,331,
7,0.0,99667.929688,44141.335938,839.357422,174,
7,0.0,11880.538086,83535.992188,795.027832,300,
7,0.0,63161.890625,15393.633789,7136.538574,160,
7,0.0,29172.226563,47949.753906,1249.655762,164,
7,0.0,81650.25,21017.046875,630.759766,206,
7,0.0,82059.390625,75992.992188,2729.702148,86,
7,0.0,16999.443359,81001.148438,1088.983398,258,
7,0.0,82077.84375,20558.683594,577.951172,278,
8,0.0,82853.070313,87944.289063,1919.047852,325,
8,0.0,91297.414063,76491.351563,6215.071777,158,
8,0.0,84123.5625,9942.491211,2274.844238,201,
8,0.0,37979.578125,81259.5625,1308.050293,129,
8,0.0,8798.120117,98292.84375,3802.166992,281,
8,0.0,1172.057251,89826.960938,1023.975586,72,
8,0.0,23010.46875,53443.960938,1204.469727,201,
8,0.0,26197.478516,45356.464844,938.154297,109,
8,0.0,96379.40625,35257.082031,1096.021484,137,
8,0.0,54320.703125,54717.539063,1676.180664,263,
8,0.0,69631.273438,11880.538086,7458.323242,296,
8,0.0,17359.367188,80087.507813,1158.04248,131,
8,0.0,22019.910156,60088.699219,1024.122559,225,
8,0.0,68136.210938,86849.132813,1264.995605,110,
8,0.0,70031.195313,2993.206543,5873.331055,252,
8,0.0,5475.75293,70255.757813,1504.993652,290,
8,0.0,26077.505859,74325.65625,804.168945,159,
8,0.0,56338.730469,72092.289063,1312.201172,46,
8,0.0,32586.882813,82268.578125,506.255859,221,
8,0.0,9367.229492,59867.207031,844.09082,233,
8,0.0,93859.945313,38936.296875,1320.264648,47,
8,0.0,16879.470703,83775.945313,790.158691,301,
8,0.0,44858.109375,69206.75,1053.480469,204,
8,0.0,55483.53125,7198.461426,4082.740967,51,
8,0.0,69348.257813,38124.160156,1251.670898,271,
8,0.0,54782.140625,85492.5,1330.19043,78,
8,0.0,45273.402344,75866.867188,1278.685547,307,
8,0.0,85477.117188,82283.953125,5539.789063,262,
9,0.0,94342.914063,65545.992188,1284.465332,72,
9,0.0,1775.005249,66068.960938,1386.496094,276,
9,0.0,28000.169922,65349.113281,713.870117,352,
9,0.0,37462.765625,91300.492188,759.004883,12,
9,0.0,51567.441406,90691.390625,675.995117,209,
9,0.0,56058.792969,87553.601563,1002.003906,139,
9,0.0,74451.78125,71406.28125,823.561035,354,
9,0.0,57618.460938,83714.421875,1276.326172,20,
9,0.0,52668.75,17254.775391,2834.5,105,
9,0.0,54382.226563,54899.039063,1699.232422,292,
9,0.0,54702.160156,47097.628906,1273.103027,306,
9,0.0,71916.9375,28566.203125,2309.560547,108,
9,0.0,73442.765625,29252.210938,1706.074707,327,
9,0.0,70726.421875,34509.550781,1251.664063,174,
9,0.0,61094.636719,5214.270508,6987.908691,74,
9,0.0,65355.265625,29821.320313,4023.010498,3,
9,0.0,13114.120117,66192.007813,1625.249512,69,
9,0.0,91325.101563,233.796204,1521.45459,125,
9,0.0,53797.734375,66742.664063,1170.026367,355,
9,0.0,63331.085938,6721.640625,7211.689453,238,
9,0.0,88211.921875,75485.40625,5246.689453,218,
9,0.0,1045.930298,59953.347656,1454.022949,281,
9,0.0,64552.359375,21546.166016,5763.250977,107,
10,0.0,53502.414063,1405.853394,1109.27832,334,
10,0.0,8767.357422,50586.113281,846.527344,330,
10,0.0,65407.5625,61657.59375,908.328125,91,
10,0.0,62398.976563,45116.511719,825.132813,229,
10,0.0,45817.902344,68662.25,1169.735352,359,
10,0.0,8653.536133,53720.828125,617.208008,343,
10,0.0,53447.039063,33552.832031,5306.115234,5,
10,0.0,44482.804688,37324.332031,2798.569336,221,
10,0.0,40834.351563,55831.148438,2686.95752,116,
10,0.0,63706.390625,43055.414063,1161.759277,156,
10,0.0,59931.808594,88211.921875,812.726074,212,
10,0.0,77534.203125,72442.984375,1173.431641,132,
10,0.0,8318.222656,46267.035156,1250.391113,95,
10,0.0,52653.363281,16913.310547,2852.620605,312,
10,0.0,7899.850586,83206.835938,808.929688,320,
10,0.0,23090.451172,72978.257813,1088.172852,198,
10,0.0,62488.183594,3660.756348,6691.598145,237,
10,0.0,8170.562012,85766.289063,677.545898,354,
10,0.0,57092.417969,40895.875,2450.625488,199,
10,0.0,15692.032227,62328.222656,1151.236816,233,
10,0.0,38527.152344,58932.019531,882.104004,140,
10,0.0,29879.771484,51733.5625,2167.734863,208,
10,0.0,11828.242188,90309.9375,1395.70752,283,
10,0.0,50730.699219,82736.164063,1949.856934,21,
10,0.0,98055.96875,84095.875,7369.591309,346,
11,0.0,17719.291016,87375.179688,623.718262,132,
11,0.0,88950.226563,65466.015625,546.071289,121,
11,0.0,1245.887573,63168.042969,1348.539551,130,
11,0.0,96979.28125,38785.558594,1491.720703,307,
11,0.0,5371.159668,81121.125,1064.744629,47,
11,0.0,96616.28125,41421.917969,1446.763672,179,
11,0.0,66450.421875,12108.181641,7763.133301,42,
11,0.0,59931.808594,42575.515625,1436.369629,216,
11,0.0,69329.796875,77103.523438,1471.219727,63,
11,0.0,5967.955566,45965.5625,1437.06543,334,
11,0.0,68000.851563,35167.871094,1926.183594,127,
11,0.0,43827.558594,60005.640625,1750.125,156,
11,0.0,72473.742188,18676.007813,4184.757324,276,
11,0.0,88722.585938,2528.69043,2322.858887,211,
11,0.0,7543.003418,43396.882813,1223.32666,50,
11,0.0,88261.140625,11585.216797,693.423828,223,
11,0.0,6675.496582,53933.089844,986.731445,158,
11,0.0,69886.609375,83339.117188,1465.545898,17,
11,0.0,78044.859375,84357.359375,2258.091309,63,
11,0.0,49254.089844,24413.244141,2445.716797,184,
11,0.0,26108.267578,97449.945313,628.80127,301,
11,0.0,39422.34375,87218.289063,1647.414063,311,
11,0.0,62783.507813,85024.90625,1179.552734,303,
12,0.0,75399.273438,78927.75,1893.70166,348,
12,0.0,94742.828125,63404.914063,564.010742,314,
12,0.0,39320.828125,54874.429688,2895.706543,231,
12,0.0,10791.540039,98831.1875,2926.570313,15,
12,0.0,50942.960938,23078.146484,3014.978027,136,
12,0.0,55243.582031,90706.773438,528.75293,239,
12,0.0,45113.4375,91525.0625,894.676758,29,
12,0.0,75187.015625,14532.279297,3980.641357,83,
12,0.0,1836.530518,100323.179688,5291.810547,170,
12,0.0,5909.506348,72304.546875,1679.79248,174,
12,0.0,7835.248535,49527.878906,1064.344727,28,
12,0.0,40612.863281,56993.972656,3204.702637,312,
12,0.0,93915.320313,91491.21875,4733.647949,313,
12,0.0,45682.546875,60531.679688,1903.38916,356,
12,0.0,71889.25,12926.469727,7082.375977,322,
12,0.0,29267.591797,73513.523438,507.321289,191,
12,0.0,48263.53125,84800.34375,2244.22998,3,
12,0.0,75285.453125,14956.804688,3827.780762,59,
12,0.0,48325.058594,88959.453125,1669.880859,83,
12,0.0,66844.179688,85258.703125,1324.834961,6,
12,0.0,90700.625,97960.609375,1452.518066,3,
13,0.0,57141.636719,46842.300781,913.20752,135,
13,0.0,596.795532,73445.84375,850.375977,163,
13,0.0,62491.261719,37170.519531,2660.640137,235,
13,0.0,67204.101563,3377.739502,6318.411133,311,
13,0.0,49324.84375,90654.476563,798.22168,11,
13,0.0,50475.367188,54865.203125,1703.354492,121,
13,0.0,56818.632813,55126.683594,1903.35498,279,
13,0.0,2064.174316,90239.179688,1199.819824,317,
13,0.0,49657.082031,73002.867188,1431.693359,209,
13,0.0,63484.894531,17273.232422,7378.127441,175,
13,0.0,40969.707031,59479.597656,1893.327637,212,
13,0.0,56141.847656,513.736389,2093.212402,322,
13,0.0,67730.140625,73738.09375,978.196289,306,
13,0.0,16110.40332,97542.234375,1315.819336,277,
13,0.0,15922.751953,83274.515625,864.603516,260,
13,0.0,26741.978516,69465.15625,841.424316,131,
13,0.0,58639.777344,26215.935547,7553.71582,273,
13,0.0,49958.558594,85861.65625,1951.633301,70,
13,0.0,96001.03125,39582.3125,1476.956543,309,
13,0.0,66511.945313,6429.39502,6884.258301,97,
13,0.0,83326.8125,72387.609375,2232.441406,65,
14,0.0,66379.664063,58384.449219,953.432129,0,
14,0.0,3851.484619,87695.101563,730.550781,238,
14,0.0,63850.96875,84643.453125,1244.530273,281,
14,0.0,73184.367188,81324.164063,2005.451172,308,
14,0.0,91066.695313,94859.734375,2223.66748,276,
14,0.0,50721.472656,23702.628906,3160.250977,31,
14,0.0,53120.957031,30965.691406,5574.362305,47,
14,0.0,65032.257813,4319.077148,7174.378418,39,
14,0.0,5571.117188,97271.523438,5068.751953,269,
14,0.0,78743.171875,16568.767578,2017.716797,346,
14,0.0,22422.902344,67302.546875,1194.248535,17,
14,0.0,97249.992188,79155.390625,7335.349121,53,
14,0.0,14375.389648,64281.644531,1295.865234,297,
14,0.0,6257.124512,75060.882813,1660.099121,255,
14,0.0,98683.53125,23705.705078,1786.790039,118,
14,0.0,52354.96875,56563.296875,1102.427734,190,
14,0.0,26068.277344,74279.507813,806.692383,206,
14,0.0,10302.414063,65850.539063,1603.438477,210,
14,0.0,51253.660156,22582.867188,2916.688477,102,
14,0.0,45076.523438,77189.65625,1359.857422,9,
14,0.0,42572.441406,85357.148438,2342.069824,66,
14,0.0,65444.476563,29645.972656,4057.047607,129,
14,0.0,70268.0625,85335.609375,1414.624023,300,
14,0.0,97243.835938,91605.039063,5380.742188,119,
14,0.0,71209.398438,16208.84375,7301.827148,159,
14,0.0,38884.0,50576.886719,2449.630371,176,
14,0.0,56387.949219,53188.632813,3337.381348,137,
14,0.0,58276.777344,74731.726563,1121.352539,161,
14,0.0,90371.460938,75436.1875,5492.608887,167,
15,0.0,63158.8125,17254.775391,7289.492676,207,
15,0.0,37911.898438,55612.730469,1685.555176,302,
15,0.0,50586.113281,86446.140625,1824.014648,155,
15,0.0,54108.4375,39496.175781,4211.315918,117,
15,0.0,52942.535156,664.473389,1047.010742,356,
15,0.0,14596.881836,65678.273438,1438.479492,83,
15,0.0,100393.929688,71495.492188,5807.860352,212,
15,0.0,8871.950195,59461.140625,806.463867,28,
15,0.0,20128.007813,78294.039063,1249.455566,302,
15,0.0,66979.53125,9668.703125,7193.407715,146,
15,0.0,99354.15625,70646.445313,4410.277344,203,
15,0.0,38154.925781,78466.3125,796.754883,234,
15,0.0,16538.003906,60697.796875,962.367676,146,
15,0.0,99237.257813,72421.453125,5595.186523,2,
15,0.0,23407.306641,78484.773438,850.743652,235,
15,0.0,99990.945313,30421.191406,2496.317383,315,
15,0.0,52705.664063,40259.089844,4085.621582,176,
15,0.0,81336.46875,79459.945313,3314.256348,310,
15,0.0,276.863922,65392.179688,1142.263672,107,
15,0.0,91835.757813,100320.101563,1538.916016,52,
15,0.0,1741.166382,100304.71875,5273.629883,33,
15,0.0,51370.5625,58605.941406,2239.093262,169,
16,0.0,57636.917969,30778.039063,5902.991211,206,
16,0.0,25536.080078,75568.46875,790.69873,187,
16,0.0,26911.171875,100264.726563,903.38623,200,
16,0.0,99243.40625,64444.6875,2050.854492,174,
16,0.0,59251.953125,31131.808594,5548.334961,189,
16,0.0,64589.273438,51878.148438,739.046875,1,
16,0.0,19235.890625,67007.21875,1370.657715,309,
16,0.0,38853.238281,76614.398438,518.878906,233,
16,0.0,58332.148438,4848.194824,5873.751953,230,
16,0.0,59288.867188,75500.789063,1079.874023,58,
16,0.0,84505.015625,5786.455566,2339.83252,237,
16,0.0,23081.222656,65210.679688,1141.15625,320,
16,0.0,22370.603516,54412.988281,1464.826172,137,
16,0.0,89568.554688,68859.132813,918.958008,222,
16,0.0,11037.641602,69483.617188,1851.23584,169,
16,0.0,97732.960938,28590.8125,2188.310059,166,
16,0.0,93607.6875,26600.46875,518.776367,55,
16,0.0,12738.816406,58664.386719,562.021484,103,
16,0.0,2138.004883,41778.765625,1747.092285,199,
16,0.0,65269.132813,45531.8125,600.880859,59,
16,0.0,98800.429688,74005.726563,5413.378906,47,
16,0.0,91217.429688,99498.734375,1459.969238,302,
16,0.0,51081.390625,11535.99707,2059.008789,40,
16,0.0,7666.054688,83037.640625,836.867188,214,
16,0.0,86209.273438,69160.601563,808.795898,358,
16,0.0,56627.902344,38788.636719,3681.244629,262,
17,0.0,30156.632813,60879.296875,472.724609,27,
17,0.0,10354.710938,72107.664063,2072.142578,295,
17,0.0,83545.226563,12437.341797,2128.614746,260,
17,0.0,14067.763672,87384.40625,980.230957,27,
17,0.0,40342.148438,85812.4375,1857.833008,199,
17,0.0,43073.875,37392.011719,2107.814453,101,
17,0.0,18457.59375,97926.765625,938.649414,358,
17,0.0,9474.898438,68554.578125,1863.747559,70,
17,0.0,6881.606934,45442.597656,1350.6875,290,
17,0.0,51773.554688,78592.4375,1316.973633,266,
17,0.0,24228.667969,53302.457031,2220.418945,325,
17,0.0,39148.558594,5884.896484,541.821289,133,
17,0.0,67757.828125,6610.895508,6951.357422,265,
17,0.0,81653.320313,13477.120117,2117.960449,128,
17,0.0,7807.5625,53056.351563,856.834473,189,
17,0.0,100006.320313,96557.828125,2799.227539,60,
17,0.0,12443.495117,79103.101563,1344.357422,187,
17,0.0,57366.203125,55348.171875,2280.713379,271,
17,0.0,62826.574219,26468.191406,5944.899414,178,
17,0.0,83259.132813,84406.578125,3048.592773,30,
17,0.0,21795.34375,97056.1875,577.778809,62,
17,0.0,93177.015625,65721.34375,1062.907715,107,
17,0.0,58688.996094,81413.375,1202.080566,119,
17,0.0,85594.023438,3611.536133,2260.241211,301,
17,0.0,22838.197266,49829.351563,479.939941,358,
17,0.0,27317.242188,71510.875,715.315918,262,
18,0.0,90562.1875,77281.953125,6521.791992,317,
18,0.0,49315.617188,54471.441406,2969.356445,39,
18,0.0,59341.164063,2141.081055,5873.776367,243,
18,0.0,5761.845703,61183.851563,1168.530273,30,
18,0.0,55059.007813,77626.492188,1138.19043,183,
18,0.0,65444.476563,86898.351563,1183.194824,237,
18,0.0,72815.210938,18919.033203,3968.290771,134,
18,0.0,26806.578125,60356.335938,881.776367,349,
18,0.0,56154.152344,13830.890625,4753.894043,269,
18,0.0,41544.96875,84831.101563,2169.651855,179,
18,0.0,95616.492188,29470.625,1530.325195,197,
18,0.0,24400.939453,62706.597656,1028.646973,329,
18,0.0,57295.449219,15381.328125,5505.041992,247,
18,0.0,20303.353516,67656.3125,1390.131348,70,
18,0.0,59338.085938,30522.708984,5871.125977,276,
18,0.0,83366.796875,267.635132,1753.414063,321,
18,0.0,69449.773438,2374.877197,5761.204102,335,
18,0.0,87458.234375,86427.6875,3565.090332,54,
18,0.0,20958.599609,100227.8125,789.54248,144,
18,0.0,36829.054688,51155.222656,522.75,55,
18,0.0,74181.070313,82942.273438,1982.711914,284,
18,0.0,92647.898438,67671.695313,1573.534668,228,
19,0.0,92574.0625,76220.632813,5987.05957,183,
19,0.0,3851.484619,36835.207031,543.17627,220,
19,0.0,49918.5625,86612.265625,1918.568848,160,
19,0.0,43615.296875,90534.5,1291.818848,204,
19,0.0,90872.890625,44144.414063,693.999512,23,
19,0.0,83532.921875,5620.337402,2125.304688,34,
19,0.0,64580.046875,70594.148438,1338.336914,335,
19,0.0,27101.900391,57815.339844,851.415039,204,
19,0.0,92352.570313,45891.730469,639.998047,239,
19,0.0,66404.273438,27754.070313,4373.29834,28,
19,0.0,93681.523438,91069.773438,4764.854004,246,
19,0.0,56720.1875,69459.007813,1220.873535,340,
19,0.0,59027.386719,11136.082031,6160.459961,191,
19,0.0,92407.945313,486.049988,606.65625,103,
19,0.0,10068.618164,65210.679688,1535.526855,248,
19,0.0,44596.625,24770.091797,810.974609,192,
19,0.0,55486.605469,16464.173828,3927.301025,252,
19,0.0,86910.65625,67819.351563,570.283203,164,
19,0.0,52705.664063,84834.179688,1600.194336,233,
19,0.0,88267.289063,75783.804688,5401.827148,69,
19,0.0,65216.832031,28378.550781,4608.802246,283,
20,0.0,42575.515625,33171.375,1027.196777,207,
20,0.0,42255.585938,81674.859375,2264.315918,52,
20,0.0,63331.085938,86233.882813,1152.945313,325,
20,0.0,9573.338867,80265.929688,1220.128906,65,
20,0.0,97849.859375,37069.003906,1499.074707,354,
20,0.0,97557.617188,39376.203125,1557.988281,119,
20,0.0,53256.308594,24121.0,4957.736328,3,
20,0.0,65524.460938,86501.515625,1231.567383,61,
20,0.0,66527.320313,69782.007813,946.439453,254,
20,0.0,1125.913208,91786.539063,1304.039551,5,
20,0.0,93521.554688,29962.828125,1009.731445,174,
20,0.0,80201.320313,24865.455078,494.467773,81,
20,0.0,97511.46875,32196.197266,1188.743164,235,
20,0.0,43135.398438,47485.238281,2735.172363,239,
20,0.0,61614.527344,16341.124023,6813.525391,31,
20,0.0,47011.496094,93103.1875,520.164063,36,
20,0.0,44750.4375,56443.324219,2588.258301,283,
20,0.0,74624.054688,31396.369141,925.172852,153,
20,0.0,21733.818359,78475.539063,1083.418457,311,
20,0.0,60571.675781,489.126251,5413.475586,259,
20,0.0,97160.78125,30833.410156,1466.693359,36,
21,0.0,19328.177734,71390.898438,1559.45166,38,
21,0.0,17894.638672,75282.375,1688.952148,309,
21,0.0,82327.023438,75922.242188,2775.945801,326,
21,0.0,5709.549316,37871.910156,759.314453,317,
21,0.0,63657.164063,84981.84375,1224.533203,196,
21,0.0,47039.179688,43184.621094,3032.36084,23,
21,0.0,62438.964844,46937.664063,623.736328,149,
21,0.0,63438.75,27077.291016,5644.170898,85,
21,0.0,15538.21875,78561.671875,1374.62793,90,
21,0.0,50764.539063,21943.003906,2343.576172,144,
21,0.0,73522.75,85504.804688,1733.085938,308,
21,0.0,77826.445313,18752.916016,1911.73877,79,
21,0.0,79795.257813,11711.34375,2595.378418,97,
21,0.0,55600.425781,30904.166016,6254.417969,359,
21,0.0,8407.43457,96302.5,3255.04248,78,
21,0.0,40588.25,54462.210938,3711.572754,276,
21,0.0,28286.261719,65619.820313,683.754395,112,
21,0.0,73199.742188,9234.949219,6514.802734,37,
21,0.0,2359.49585,86027.773438,739.943359,31,
21,0.0,59645.71875,56424.867188,3077.62793,207,
21,0.0,53711.601563,46187.054688,1548.707031,89,
21,0.0,90242.25,99148.046875,1056.644043,67,
21,0.0,17885.408203,58418.289063,814.213379,254,
21,0.0,52782.566406,83406.796875,1712.759766,187,
21,0.0,8804.272461,41711.089844,965.351563,225,
21,0.0,43390.730469,56224.910156,2781.521973,54,
22,0.0,781.371521,52985.601563,1371.765137,20,
22,0.0,65893.617188,68816.070313,1023.438477,301,
22,0.0,52797.949219,17070.199219,2893.183594,98,
22,0.0,76709.765625,85704.765625,2177.607422,144,
22,0.0,6152.531738,83388.335938,835.96582,200,
22,0.0,58935.097656,36745.992188,3292.886719,15,
22,0.0,100664.640625,84360.429688,6443.962891,103,
22,0.0,93186.242188,93736.890625,3120.471191,108,
22,0.0,61676.050781,55400.46875,4595.712891,122,
22,0.0,88882.546875,815.210449,2022.164063,209,
22,0.0,51921.214844,87196.75,1524.581055,2,
22,0.0,51890.453125,28230.890625,5941.114258,70,
22,0.0,94422.90625,79469.171875,7836.309082,189,
22,0.0,37619.652344,88627.21875,1340.466309,335,
22,0.0,85264.859375,18109.976563,511.317383,326,
22,0.0,40591.324219,77005.085938,629.82373,94,
22,0.0,89316.304688,67960.859375,764.816895,221,
22,0.0,17134.800781,62743.519531,1178.157227,9,
22,0.0,73827.304688,87126.0,1881.816895,107,
22,0.0,64506.21875,35170.945313,2758.213379,228,
22,0.0,8318.222656,89214.78125,1289.714844,169,
22,0.0,64260.113281,7118.479004,7389.307617,40,
23,0.0,61974.449219,36819.824219,2842.832031,190,
23,0.0,96600.898438,30005.896484,1545.901367,53,
23,0.0,19848.066406,78967.742188,1216.237305,4,
23,1.0,606.024353,87667.421875,743.398926,142,
23,1.0,78481.695313,3780.730469,1893.956543,313,
23,0.0,65290.667969,72067.679688,1260.896484,123,
23,1.0,42984.664063,75731.515625,915.704102,22,
23,0.0,43061.566406,61986.753906,1387.547852,217,
23,1.0,79949.070313,24204.058594,695.308594,233,
23,0.0,67037.976563,32900.660156,2546.394043,145,
23,0.0,6813.928711,40702.070313,1110.344727,319,
23,0.0,47651.355469,50260.03125,4776.825684,312,
23,1.0,44027.515625,43313.820313,2333.167969,209,
23,1.0,46288.570313,36404.53125,3209.091309,18,
23,1.0,44082.890625,27366.460938,889.943848,298,
23,1.0,65453.703125,63444.902344,767.050781,33,
23,0.0,4722.067871,79622.984375,1136.403809,34,
23,0.0,21592.310547,70920.226563,1371.404297,205,
23,1.0,67357.914063,44365.90625,637.068359,140,
23,1.0,56261.824219,21635.376953,5099.974609,87,
23,1.0,68929.882813,6398.632813,7067.759766,318,
23,1.0,59073.53125,12871.09668,6120.786133,263,
23,0.0,50986.027344,63026.53125,1321.263672,36,
23,0.0,54145.351563,79484.554688,1359.611328,92,
23,1.0,76586.710938,2528.69043,2901.470703,191,
23,0.0,60024.097656,27280.324219,6874.314941,279,
24,0.0,10044.007813,88030.421875,1102.12793,289,
24,0.0,77731.085938,11277.589844,3523.541504,163,
24,1.0,8644.306641,89322.453125,1316.13916,31,
24,1.0,57492.332031,59781.074219,1651.712891,340,
24,0.0,41200.429688,59658.023438,1745.949219,258,
24,0.0,98689.679688,68723.773438,2828.714844,281,
24,0.0,44710.445313,63949.414063,1584.413086,190,
24,0.0,38419.480469,46731.554688,990.187012,58,
24,0.0,63346.464844,45270.328125,753.35498,353,
24,1.0,68471.523438,6340.184082,6989.605469,72,
24,0.0,55163.597656,51102.929688,2989.509766,357,
24,1.0,12314.291992,77469.59375,1471.639648,332,
24,1.0,55649.648438,60414.785156,1401.854492,233,
24,0.0,68729.929688,32722.238281,2088.363281,41,
24,0.0,8022.900879,89599.3125,1337.925293,14,
24,0.0,68797.601563,4408.288574,6316.761719,355,
24,0.0,59728.773438,8582.78125,6294.37207,271,
24,0.0,14707.626953,75159.328125,1603.357422,338,
24,0.0,21450.800781,62343.605469,1098.945313,7,
24,1.0,58332.148438,70680.28125,1353.331055,22,
24,0.0,56637.128906,71689.296875,1317.345703,140,
24,1.0,62851.183594,54702.160156,3436.545898,194,
24,1.0,55052.855469,27963.255859,7744.787109,295,
24,0.0,71557.015625,21370.818359,3979.856934,0,
24,0.0,53800.808594,1193.591064,1232.163574,313,
24,0.0,3562.315918,86055.460938,637.460449,190,
24,0.0,64952.277344,74362.570313,1317.900391,99,
24,1.0,98102.109375,76734.375,6021.162109,131,
24,1.0,76045.289063,77632.640625,1708.423828,226,
25,0.0,82597.734375,11954.369141,2189.162598,244,
25,0.0,40815.894531,64884.601563,732.521484,124,
25,0.0,16971.757813,67194.867188,1320.183105,164,
25,1.0,60894.679688,87799.703125,880.632324,345,
25,1.0,58464.429688,45750.226563,921.080566,206,
25,1.0,98572.789063,69935.828125,3463.121582,287,
25,1.0,56997.054688,68754.539063,1227.137695,127,
25,0.0,93204.695313,69652.8125,2325.719238,315,
25,1.0,24160.992188,63617.175781,1062.962402,265,
25,1.0,39576.160156,39326.984375,951.754395,62,
25,1.0,18688.314453,79755.265625,1194.199219,192,
25,0.0,85227.945313,70686.4375,1543.476563,23,
25,1.0,47457.550781,32374.621094,3589.253906,64,
25,1.0,57480.027344,19057.466797,3800.803223,206,
25,1.0,9219.568359,82305.492188,899.383789,341,
25,1.0,84889.554688,239.94873,1940.033691,192,
25,1.0,5161.974121,58329.074219,1255.176758,124,
25,0.0,13191.027344,58445.972656,521.964355,289,
25,1.0,46107.070313,43762.957031,3041.430176,162,
25,1.0,96053.320313,94650.546875,3731.411621,148,
25,1.0,73270.5,85938.554688,1674.755859,261,
25,0.0,61872.929688,46626.960938,674.083008,326,
25,1.0,5272.719238,93832.257813,2381.604004,198,
25,0.0,54529.886719,71686.21875,1258.189941,325,
25,1.0,84268.148438,15568.980469,1665.573242,198,
25,0.0,27280.324219,45439.523438,1081.901367,308,
25,1.0,36379.921875,78927.75,560.818359,227,
25,0.0,90026.914063,93752.273438,1930.806641,348,
25,1.0,59055.074219,38923.988281,2683.37207,250,
26,1.0,70720.273438,84314.289063,1432.172852,60,
26,1.0,78223.28125,13612.476563,2761.851074,161,
26,0.0,4475.966797,78131.0,1182.155762,216,
26,0.0,98563.554688,61632.984375,952.772461,313,
26,1.0,68733.007813,25050.03125,4291.312012,251,
26,0.0,90805.210938,42938.515625,764.022461,307,
26,0.0,51269.042969,36275.324219,5456.384766,232,
26,0.0,59458.066406,45790.214844,864.599121,296,
26,0.0,81539.5,9788.677734,2369.253906,352,
26,1.0,70040.421875,6961.589355,6925.396484,311,
26,1.0,45211.875,38659.433594,3402.950684,233,
26,1.0,92595.59375,44285.921875,815.557129,340,
26,1.0,68228.5,35850.800781,1785.222656,74,
26,0.0,54975.945313,58938.171875,1350.352539,209,
26,1.0,66954.921875,28858.449219,3797.037598,237,
26,0.0,96314.804688,27246.486328,1968.064941,146,
26,1.0,60651.65625,11803.631836,6824.062988,252,
26,0.0,81527.195313,13135.655273,2189.605957,108,
26,1.0,92746.335938,44553.558594,805.097656,140,
26,0.0,20620.208984,57237.003906,840.325195,319,
26,0.0,52407.261719,55864.988281,1045.375,185,
26,1.0,54151.503906,42950.820313,2797.582031,45,
26,0.0,46156.292969,44858.109375,2856.990723,31,
26,0.0,52158.085938,60039.480469,1564.185059,212,
26,1.0,98252.851563,44485.878906,1006.687988,348,
26,1.0,20706.345703,99255.710938,709.39209,235,
26,0.0,91365.09375,42695.492188,821.869629,144,
26,1.0,40511.34375,36318.394531,862.630859,59,
27,1.0,3897.628906,78866.226563,1203.074707,151,
27,0.0,19681.949219,80853.492188,1031.408691,331,
27,1.0,24419.396484,96619.359375,551.510742,314,
27,1.0,11363.725586,98099.039063,2535.632813,86,
27,0.0,1448.921143,38022.644531,688.044434,249,
27,0.0,40286.777344,38844.007813,1407.096191,320,
27,1.0,50539.972656,61820.636719,1475.81543,225,
27,1.0,10717.709961,63850.96875,1506.001953,131,
27,0.0,49164.878906,590.643005,662.506348,193,
27,1.0,57252.382813,11237.598633,5297.474609,69,
27,1.0,61645.289063,67690.15625,1343.222656,117,
27,0.0,31765.521484,96653.195313,477.09375,337,
27,0.0,2965.520264,76900.492188,1231.402832,132,
27,0.0,77423.453125,88424.179688,2062.466797,264,
27,0.0,5844.904785,75559.242188,1517.807617,327,
27,1.0,97182.3125,97631.445313,2776.496582,348,
27,1.0,69083.703125,34561.84375,1696.703125,170,
27,0.0,41225.039063,76731.296875,658.228027,326,
27,1.0,79299.976563,73119.757813,1893.637207,353,
27,0.0,97508.390625,95678.015625,3534.54834,211,
27,0.0,74098.007813,6321.726074,5589.583008,320,
27,1.0,21109.335938,66435.03125,1290.294922,153,
27,0.0,78727.796875,79979.828125,3298.257813,42,
27,0.0,61368.425781,86286.179688,1098.246582,311,
27,1.0,60531.679688,29962.828125,5569.357422,232,
27,0.0,5392.693848,48515.789063,1492.335938,35,
27,1.0,71609.3125,83760.5625,1584.130859,245,
28,0.0,27440.291016,68742.234375,719.699219,108,
28,0.0,6370.946289,55508.140625,990.644531,360,
28,1.0,10662.336914,47491.390625,750.354492,58,
28,1.0,6100.234863,68733.007813,1545.706055,307,
28,0.0,8481.264648,62072.886719,952.095215,19,
28,1.0,71003.289063,30347.361328,2036.398926,41,
28,1.0,58039.90625,11409.870117,5624.53418,134,
28,0.0,63829.4375,38637.894531,2163.046387,232,
28,0.0,55154.367188,44347.445313,1567.189453,187,
28,1.0,67785.515625,31362.53125,2699.490723,30,
28,0.0,53087.121094,28344.712891,6674.106445,328,
28,1.0,1753.471436,77524.976563,1280.428711,227,
28,0.0,79869.085938,90543.734375,1622.993164,353,
28,0.0,58196.796875,11695.961914,5512.478516,231,
28,1.0,8708.908203,40929.714844,917.227539,3,
28,1.0,29818.244141,51179.832031,2164.265137,129,
28,1.0,9508.737305,90703.695313,1511.547852,116,
28,1.0,88282.671875,77949.5,6263.419922,158,
28,0.0,62574.324219,48137.40625,556.532715,122,
28,1.0,70831.023438,38647.128906,864.813965,186,
28,1.0,56329.5,50047.765625,1202.23291,150,
28,1.0,59968.726563,544.499023,5255.908203,352,
28,0.0,59507.285156,55738.859375,3198.04248,299,
28,0.0,73596.585938,4211.407715,5465.352539,140,
28,0.0,59002.777344,82391.625,1230.44873,341,
29,0.0,13670.925781,96139.453125,1953.880371,248,
29,1.0,54382.226563,21232.384766,4161.83252,316,
29,1.0,99028.070313,35306.304688,1457.651367,236,
29,1.0,98631.234375,94672.078125,3714.717285,291,
29,0.0,60079.46875,30984.148438,5339.017578,222,
29,0.0,63084.980469,34321.898438,3166.949707,57,
29,0.0,75934.546875,3657.679932,3587.992676,200,
29,1.0,86849.132813,71600.085938,2121.567871,22,
29,1.0,4512.881836,86418.460938,628.432617,91,
29,0.0,81739.453125,12437.341797,2249.160645,267,
29,0.0,23395.0,71775.4375,1094.695313,317,
29,1.0,87762.789063,92497.15625,1284.341797,97,
29,0.0,60085.621094,74900.914063,1090.900879,246,
29,0.0,56547.914063,31827.044922,5444.350586,347,
29,0.0,61534.546875,80579.703125,1331.819336,39,
29,1.0,3208.545166,78881.609375,1264.677734,270,
29,0.0,91306.648438,76109.890625,5988.763672,140,
29,0.0,24364.025391,55871.140625,945.477539,68,
29,1.0,72233.796875,8653.536133,6640.098633,277,
29,1.0,46476.222656,31393.292969,2937.054199,317,
29,1.0,12972.613281,90903.65625,1367.966797,85,
29,1.0,3356.206055,61540.699219,1424.714355,161,
29,0.0,25148.472656,51127.539063,1769.824219,98,
29,1.0,6266.353027,38840.933594,897.492188,247,
30,0.0,52376.5,9124.204102,2393.939453,301,
30,0.0,98677.375,42021.789063,1460.805664,26,
30,0.0,95355.007813,92063.40625,5102.362305,45,
30,0.0,12114.333984,72221.492188,1872.563965,139,
30,0.0,99046.53125,96068.703125,3261.713379,233,
30,1.0,60568.597656,36502.96875,3139.755859,80,
30,1.0,80785.8125,72861.351563,1944.42334,36,
30,1.0,38256.441406,57935.3125,1022.643555,278,
30,0.0,89110.195313,68428.460938,784.484375,288,
30,1.0,66096.648438,6063.319824,7036.98291,278,
30,1.0,23395.0,78490.921875,852.404297,337,
30,0.0,94112.195313,40846.65625,1320.674316,301,
30,0.0,56080.324219,44393.589844,1326.495117,176,
30,1.0,85753.984375,90260.710938,1621.699219,85,
30,0.0,18039.220703,73482.757813,1750.765625,181,
30,0.0,27351.080078,54668.320313,2038.080566,320,
30,1.0,14790.68457,91940.351563,1253.342285,196,
30,0.0,42886.222656,75297.757813,915.908691,179,
30,0.0,16596.453125,73230.507813,1684.723633,23,
30,0.0,59344.238281,77598.804688,1173.572754,188,
31,1.0,55788.078125,44279.769531,1386.084473,106,
31,0.0,42434.007813,91248.195313,1093.042969,236,
31,1.0,7287.67334,41886.4375,1153.885254,208,
31,1.0,62054.429688,5137.36377,6832.917969,217,
31,1.0,16984.0625,92829.398438,870.163086,75,
31,1.0,55178.976563,15292.117188,4631.376465,122,
31,1.0,50539.972656,35290.917969,5745.438477,32,
31,0.0,42043.324219,61854.472656,1378.86377,184,
31,0.0,62358.984375,51309.039063,1161.522461,36,
31,1.0,12791.113281,85147.953125,781.111328,163,
31,1.0,84597.3125,73888.828125,3268.806641,271,
31,1.0,1233.58252,84846.484375,1036.443359,312,
31,1.0,63903.269531,1790.386719,5788.571289,114,
31,0.0,14390.770508,64469.296875,1314.525879,141,
31,0.0,61239.222656,12028.199219,6467.654785,303,
31,0.0,95514.976563,32273.103516,937.009277,217,
31,0.0,100793.84375,31974.707031,2090.041504,73,
31,1.0,66391.96875,70975.601563,1101.093262,195,
31,1.0,65918.226563,84378.898438,1376.848633,296,
31,1.0,17974.621094,100458.53125,1598.192871,179,
31,1.0,61457.636719,88153.476563,801.660156,355,
31,0.0,94539.796875,39791.496094,1387.172363,106,
31,1.0,15067.549805,86495.359375,821.438965,319,
31,0.0,56578.675781,83631.359375,1252.087891,236,
32,0.0,1024.396484,57095.492188,1236.751953,353,
32,1.0,79333.820313,93093.953125,631.284668,136,
32,1.0,24274.8125,67911.640625,1110.001953,354,
32,1.0,27603.332031,53468.578125,2018.106934,32,
32,0.0,77955.648438,25136.167969,1289.404297,260,
32,1.0,50573.808594,63955.566406,1336.157715,57,
32,1.0,13821.662109,59605.726563,670.994629,38,
32,0.0,4454.432617,78678.578125,1165.931641,292,
32,1.0,23521.128906,52745.652344,1321.061523,4,
32,1.0,56471.011719,65539.84375,1195.521484,208,
32,0.0,94527.492188,29282.972656,1314.852539,213,
32,0.0,69631.273438,25449.947266,3893.678711,10,
32,0.0,7693.740723,47925.144531,1218.958496,41,
32,0.0,50942.960938,54385.300781,1188.174805,60,
32,0.0,46771.542969,84520.398438,2288.634277,343,
32,0.0,74974.75,17463.960938,3316.583984,199,
32,1.0,72442.984375,23859.517578,3221.259766,326,
32,0.0,54416.0625,14713.779297,3739.257324,195,
32,1.0,10031.703125,41751.078125,777.089844,13,
32,1.0,18697.542969,81659.476563,965.140625,30,
32,1.0,49370.992188,63328.007813,1587.623047,102,
32,1.0,63860.199219,78278.664063,1858.006348,312,
32,0.0,49297.160156,57676.90625,3036.038086,170,
32,1.0,99914.03125,76408.289063,6910.811035,116,
32,0.0,16728.732422,78610.890625,1339.435547,4,
32,1.0,54351.464844,50213.886719,2852.206543,51,
32,1.0,40452.894531,52290.367188,3542.299316,348,
32,0.0,47177.609375,69852.765625,1261.158203,161,
33,0.0,7044.648438,62042.125,921.191406,271,
33,0.0,70449.5625,23173.509766,4070.645264,149,
33,0.0,1962.657593,83711.34375,1063.246094,259,
33,1.0,68806.835938,71981.546875,770.472656,183,
33,0.0,50069.300781,44965.777344,2837.813477,325,
33,0.0,54612.945313,36029.222656,4454.631348,96,
33,0.0,24007.177734,55108.226563,1551.260742,157,
33,1.0,47749.796875,1190.514893,636.910645,151,
33,1.0,47915.917969,72535.265625,1531.140625,196,
33,0.0,76823.585938,89097.890625,2106.932129,295,
33,0.0,87756.632813,88811.789063,2324.802734,238,
33,1.0,63534.117188,15495.150391,7282.217285,274,
33,0.0,47857.464844,51533.605469,4233.67627,132,
33,0.0,45202.648438,93013.96875,598.496094,67,
33,1.0,66881.09375,39754.582031,1507.533203,215,
33,1.0,27181.884766,96484.0,516.859375,353,
33,1.0,5220.422852,78650.882813,1142.464844,328,
33,0.0,58725.910156,14904.507813,5578.694336,10,
33,1.0,52567.230469,5694.167969,693.791016,309,
33,0.0,88728.734375,66244.304688,624.674316,83,
33,1.0,92321.8125,65742.875,860.260254,165,
33,0.0,2193.377441,69668.1875,885.981445,114,
33,1.0,81367.226563,16685.666016,2166.605957,75,
33,0.0,84425.039063,69526.679688,783.75,167,
34,0.0,53308.609375,75913.015625,847.744141,227,
34,1.0,56354.109375,38459.476563,3810.69043,347,
34,1.0,61986.753906,9016.53418,7069.929199,315,
34,0.0,8269.001953,89470.109375,1325.601074,194,
34,0.0,92577.140625,45276.480469,736.986328,345,
34,0.0,827.515503,95395.0,1865.508301,229,
34,1.0,70388.039063,81047.296875,1781.40625,249,
34,1.0,74544.070313,88079.640625,2048.767578,303,
34,1.0,89128.648438,82173.210938,5858.255859,266,
34,1.0,23776.457031,62891.175781,1065.96582,174,
34,1.0,35580.089844,49232.558594,588.849609,116,
34,1.0,86747.617188,79893.695313,5994.762695,150,
34,1.0,61131.550781,65367.570313,1201.169434,123,
34,1.0,784.447754,83819.015625,1098.270996,60,
34,1.0,66348.898438,36238.410156,2196.932129,109,
34,0.0,12689.59668,69529.757813,1698.571777,334,
34,0.0,79810.632813,13031.0625,2442.087891,97,
34,1.0,94739.757813,25413.03125,633.550781,298,
34,1.0,54705.234375,67388.679688,1167.665039,247,
34,1.0,37176.671875,83403.71875,1260.804199,265,
34,1.0,72467.59375,73562.742188,1184.14502,154,
34,1.0,71341.679688,16697.970703,6616.223145,211,
34,0.0,99098.820313,74624.054688,5841.856445,306,
34,0.0,82222.429688,89230.164063,1839.714355,250,
34,0.0,93278.53125,46408.542969,620.789551,312,
34,1.0,16374.962891,97794.492188,1264.111328,68,
34,0.0,59255.03125,83775.945313,1211.358398,73,
34,1.0,46931.511719,43378.425781,2993.392578,64,
35,0.0,20672.505859,100400.085938,806.265137,268,
35,0.0,17137.876953,65662.898438,1271.871094,99,
35,0.0,3211.621338,39010.125,940.71582,103,
35,1.0,97031.578125,100215.507813,2152.789551,354,
35,1.0,72381.460938,8342.833008,6604.6875,142,
35,1.0,74187.226563,90835.976563,917.399902,190,
35,1.0,14556.889648,58301.386719,545.131836,198,
35,0.0,78527.835938,73365.867188,1802.79834,174,
35,1.0,65201.453125,658.320862,4861.958984,296,
35,0.0,7247.681641,38133.390625,741.631348,133,
35,1.0,54397.605469,34989.445313,4694.810547,323,
35,0.0,43704.507813,27711.003906,827.625488,346,
35,0.0,3691.518799,79450.71875,1224.974121,238,
35,0.0,83166.84375,80825.8125,4141.752441,49,
35,1.0,27535.65625,58575.179688,839.861328,203,
35,1.0,48365.050781,57221.621094,2774.110352,202,
35,1.0,59701.089844,61460.710938,1739.361328,37,
35,1.0,96262.507813,88516.476563,6516.189941,326,
35,1.0,60236.359375,20958.599609,5121.670898,167,
35,0.0,88719.507813,6638.581543,1570.611328,113,
35,0.0,59491.902344,11086.861328,6269.456055,278,
35,1.0,93749.195313,89042.507813,5576.883789,187,
35,1.0,98609.703125,66308.90625,2359.883789,241,
35,1.0,36650.628906,91254.351563,625.525879,199,
35,0.0,90429.90625,75737.664063,5704.430664,106,
35,1.0,31408.673828,97376.117188,612.02832,196,
35,0.0,91282.039063,14332.322266,611.397461,280,
35,1.0,61952.917969,36330.699219,2950.92627,72,
35,1.0,7844.478027,41292.714844,1064.074707,77,
36,0.0,40889.722656,37158.210938,1293.22998,15,
36,0.0,57378.507813,62057.507813,1390.21875,167,
36,1.0,50010.851563,89002.523438,1449.284668,18,
36,1.0,65958.210938,86049.304688,1274.648926,334,
36,1.0,60279.425781,56372.566406,3598.437988,112,
36,0.0,9628.711914,51001.410156,580.146484,62,
36,1.0,90599.101563,78881.609375,6317.476563,255,
36,1.0,73356.632813,11320.658203,6999.677246,216,
36,0.0,51007.5625,27378.765625,5337.396484,135,
36,0.0,82843.835938,81917.882813,3979.045898,156,
36,0.0,72624.484375,78564.75,1788.245117,355,
36,0.0,68151.59375,12560.392578,7732.710938,327,
36,1.0,34580.300781,97560.695313,540.01709,35,
36,0.0,81721.0,73079.765625,2176.127441,272,
36,0.0,44110.574219,73704.25,1241.523438,50,
36,1.0,39619.226563,78989.273438,1164.434082,301,
36,0.0,93961.460938,84277.375,7383.002441,202,
36,1.0,66330.445313,53139.414063,729.146484,72,
36,0.0,68966.796875,31094.894531,2412.704102,44,
36,0.0,61802.179688,83659.046875,1218.789063,48,
36,1.0,68047.0,40040.675781,1258.631348,300,
36,0.0,90109.976563,66721.125,755.138672,212,
