0,0.0,11662.124023,-83320.65625,4128.919434,19,
0,0.0,76986.625,-37179.75,567.285156,308,
0,0.0,13390.984375,-66493.484375,3206.504395,159,
0,0.0,81653.320313,-48518.859375,1474.231934,261,
0,0.0,14855.288086,-80419.742188,3605.121582,294,
0,0.0,32851.441406,-17107.117188,552.902344,281,
0,0.0,78518.609375,-37918.054688,529.482422,202,
0,0.0,54935.953125,-20349.492188,4472.896973,8,
0,0.0,22890.494141,-51752.019531,2279.728027,61,
0,0.0,59344.238281,-1332.023438,2862.501953,220,
0,0.0,36241.488281,-60716.257813,2131.73584,161,
0,0.0,15713.56543,-55655.800781,3697.749023,109,
0,0.0,4285.238281,-76337.53125,1224.539551,344,
0,0.0,74347.195313,-16175.007813,4869.557617,184,
0,0.0,55422.007813,-13840.117188,2598.132324,147,
0,0.0,30344.285156,-55175.902344,2217.906738,302,
0,0.0,43436.871094,-62937.320313,2306.956543,336,
0,0.0,2328.733154,-99246.484375,6688.64209,248,
0,0.0,45033.453125,-9487.203125,624.844727,201,
0,0.0,26831.191406,-63854.050781,3157.39209,158,
1,0.0,100387.78125,-69505.148438,6343.720703,342,
1,0.0,41409.613281,-16774.875,1057.47168,22,
1,0.0,33921.984375,-45291.859375,733.67627,162,
1,0.0,87842.765625,-50601.496094,1555.898926,117,
1,0.0,6780.090332,-53219.398438,2631.650391,119,
1,0.0,30338.132813,-77887.96875,7996.598633,77,
1,0.0,100760.007813,-65909.0,5819.541016,260,
1,0.0,66527.320313,-12920.320313,2655.82666,33,
1,0.0,4097.585938,-71132.492188,715.538086,195,
1,0.0,84440.421875,-686.007813,1792.235352,41,
1,0.0,53333.21875,-11723.648438,1836.539551,79,
1,0.0,46528.519531,-37718.097656,2735.45166,51,
1,0.0,16236.53125,-66391.96875,6332.853516,262,
1,0.0,6813.928711,-38908.613281,909.630859,130,
1,0.0,72258.40625,-10062.460938,2720.607422,64,
1,0.0,29424.482422,-52533.390625,2090.301758,68,
1,0.0,65810.554688,-4048.367188,2430.120605,59,
1,0.0,55.372784,-43243.070313,1690.622559,139,
1,0.0,66308.90625,-63924.800781,5976.194336,69,
1,0.0,55981.882813,-26382.054688,6031.911133,190,
1,0.0,96416.320313,-60790.089844,4129.899414,117,
1,0.0,86833.75,-52210.382813,1951.728516,338,
2,0.0,30611.919922,-54065.371094,2166.65625,185,
2,0.0,84338.898438,-76765.140625,7230.564941,324,
2,0.0,54173.039063,-39899.167969,796.82666,108,
2,0.0,81588.71875,-30642.6875,1733.615234,105,
2,0.0,97843.710938,-32648.40625,642.050781,339,
2,0.0,76365.21875,-13320.234375,4091.763672,106,
2,0.0,57501.558594,-30916.46875,4862.763184,233,
2,0.0,56704.804688,-63703.3125,1794.651367,157,
2,0.0,89039.4375,-100649.265625,2975.425781,138,
2,0.0,80281.3125,-3263.921875,1345.294922,283,
2,0.0,3503.866699,-53957.699219,2438.98877,128,
2,0.0,8782.739258,-82551.59375,3822.000488,23,
2,0.0,84049.734375,-99434.140625,4184.526855,39,
2,0.0,51585.898438,-20506.382813,5344.453125,306,
2,0.0,42003.332031,-18008.453125,1246.352051,136,
2,0.0,24914.675781,-57643.070313,2682.48584,313,
2,0.0,35792.351563,-53616.238281,1224.634766,291,
2,0.0,67644.007813,-4463.664063,2534.736816,139,
2,0.0,41421.917969,-34214.226563,1672.663086,81,
2,0.0,46485.449219,-69563.59375,6074.560547,244,
3,0.0,77368.085938,-50216.960938,1481.973633,194,
3,0.0,55834.226563,-17556.25,3612.032715,131,
3,0.0,79269.21875,-22001.453125,4316.109375,341,
3,0.0,85052.59375,-63657.167969,7904.677246,34,
3,0.0,86430.765625,-27197.265625,2131.303223,284,
3,0.0,5152.745117,-47466.78125,2000.143066,98,
3,0.0,60614.742188,-5678.789063,1578.174805,189,
3,0.0,35900.023438,-50306.175781,914.184082,84,
3,0.0,42206.367188,-46716.171875,910.770508,345,
3,0.0,92838.625,-61128.476563,4626.209961,96,
3,0.0,38933.222656,-6410.9375,821.17041,106,
3,0.0,97659.132813,-68043.921875,6924.020508,315,
3,0.0,30738.046875,-46322.40625,1639.579102,202,
3,0.0,24145.611328,-46020.9375,1532.998535,358,
3,0.0,47159.152344,-33432.859375,3767.818848,98,
3,0.0,53422.429688,-9911.726563,1642.123047,90,
3,0.0,21290.835938,-77432.6875,3712.958496,225,
3,0.0,4780.516602,-58627.472656,4627.199219,271,
3,0.0,95305.789063,-11929.757813,487.545898,153,
3,0.0,28329.332031,-38287.199219,1090.722656,352,
3,0.0,8536.637695,-64481.605469,1639.399414,166,
3,0.0,40588.25,-44187.480469,1132.112793,74,
3,0.0,29904.380859,-71058.664063,2318.67041,358,
4,0.0,7413.800293,-69175.984375,1067.536621,318,
4,0.0,20281.820313,-44408.976563,2060.876465,283,
4,0.0,15818.158203,-42987.734375,1978.690918,296,
4,0.0,46553.128906,-6838.539063,865.014648,326,
4,0.0,47814.398438,-64586.199219,2587.263672,176,
4,0.0,34174.234375,-66391.96875,2101.462402,308,
4,0.0,36952.101563,-50429.222656,713.68457,353,
4,0.0,97957.53125,-60380.941406,3778.82666,82,
4,0.0,41323.476563,-36872.121094,2097.902832,281,
4,0.0,86203.117188,-71667.765625,7123.799805,314,
4,0.0,32048.537109,-61811.40625,2186.86084,63,
4,0.0,36416.835938,-48943.390625,708.344727,219,
4,0.0,87325.960938,-93026.273438,7172.71582,259,
4,0.0,14538.431641,-85495.578125,7280.769043,44,
4,0.0,68856.054688,-1258.1875,3754.11377,101,
4,0.0,55160.519531,-23914.890625,6035.824219,45,
4,0.0,63254.175781,-20552.53125,3126.67627,323,
4,0.0,88104.257813,-53508.566406,2415.990723,64,
4,0.0,49909.335938,-40582.097656,2116.789551,231,
4,0.0,12443.495117,-78740.09375,2004.726563,311,
4,0.0,83086.859375,-33605.132813,874.158691,6,
4,0.0,43479.941406,-65029.183594,2753.89502,151,
4,0.0,3214.69751,-59218.117188,2864.009277,270,
4,0.0,40459.046875,-41268.105469,2067.059082,160,
4,0.0,98086.734375,-34183.46875,479.001953,186,
4,0.0,18540.654297,-80170.5625,4285.29834,177,
4,0.0,80493.570313,-44864.261719,754.223633,358,
4,0.0,92023.414063,-27990.9375,2397.343262,330,
5,0.0,4239.094238,-92521.765625,5837.220703,46,
5,0.0,3020.893066,-66561.15625,850.083496,261,
5,0.0,59322.707031,-37471.992188,1611.580566,123,
5,0.0,42003.332031,-29264.515625,3023.63623,22,
5,0.0,1919.589844,-35980.003906,971.689453,252,
5,0.0,38514.847656,-55745.011719,1231.952148,333,
5,0.0,67302.546875,-62208.246094,4707.593262,79,
5,0.0,96237.898438,-90934.414063,4659.807129,176,
5,0.0,94407.523438,-22881.265625,5002.186523,287,
5,0.0,68010.078125,-51318.265625,980.964844,340,
5,0.0,94933.5625,-12987.992188,1582.666016,3,
5,0.0,58513.648438,-55969.582031,752.244141,262,
5,0.0,47005.34375,-63411.066406,2063.496582,274,
5,0.0,59802.609375,-3586.921875,1518.068359,56,
5,0.0,91968.039063,-65462.933594,5837.664063,331,
5,0.0,33380.558594,-46519.289063,823.045898,302,
5,0.0,8653.536133,-45427.21875,1642.346191,159,
5,0.0,85421.75,-8182.867188,2980.61377,22,
5,0.0,78512.453125,-5626.492188,1750.081543,207,
5,0.0,33586.667969,-59977.953125,2243.504883,280,
5,0.0,77420.375,-32629.953125,1013.601074,8,
5,0.0,78100.234375,-62211.324219,7600.11084,85,
5,0.0,87996.585938,-52385.730469,1866.699707,125,
5,0.0,81834.820313,-23330.40625,3123.368164,56,
5,0.0,80807.34375,-23619.570313,3295.63623,56,
5,0.0,79506.085938,-30685.75,1705.702637,358,
5,0.0,80265.929688,-36404.53125,795.535645,228,
5,0.0,82170.132813,-32217.734375,1134.217773,37,
5,0.0,90220.71875,-66281.21875,6134.011719,173,
6,0.0,20543.302734,-39486.949219,2227.407227,309,
6,0.0,42720.101563,-36139.972656,1816.29834,206,
6,0.0,49327.921875,-23139.671875,7348.80127,343,
6,0.0,82047.085938,-19460.460938,3595.805176,31,
6,0.0,87645.882813,-27394.148438,2086.493164,132,
6,0.0,23930.271484,-74242.59375,2150.177246,277,
6,0.0,20949.371094,-49374.066406,2097.11084,353,
6,0.0,69492.84375,-3002.4375,3281.730469,278,
6,0.0,77694.171875,-55698.867188,3893.622559,303,
6,0.0,42603.203125,-1079.773438,519.0625,241,
6,0.0,39656.140625,-35041.742188,583.076172,250,
6,0.0,941.337341,-91688.101563,4833.820801,112,
6,0.0,37881.136719,-62629.695313,2039.467285,124,
6,0.0,83102.242188,-77121.984375,7856.703613,30,
6,0.0,81228.796875,-27631.015625,2612.598145,182,
6,0.0,8927.323242,-69166.757813,1507.545898,13,
6,0.0,75137.796875,-5155.820313,2326.73877,357,
6,0.0,64038.621094,-60667.035156,2629.846191,219,
6,0.0,27440.291016,-68896.046875,2520.284668,169,
6,0.0,91026.703125,-59741.082031,4859.73291,227,
7,0.0,45405.683594,-60427.089844,1351.737305,266,
7,0.0,60906.984375,-35884.636719,2144.636719,121,
7,0.0,12065.114258,-80721.210938,2563.806152,258,
7,0.0,89156.335938,-61100.792969,5193.694336,274,
7,0.0,66878.015625,-36115.355469,980.333008,218,
7,0.0,64896.90625,-27074.21875,2677.47998,151,
7,0.0,43418.414063,-13729.375,726.790527,350,
7,0.0,75128.5625,-20903.226563,5754.693359,340,
7,0.0,885.964539,-59808.761719,1773.092773,196,
7,0.0,49792.4375,-71132.492188,7322.802734,347,
7,0.0,71030.976563,-53779.277344,1842.818848,111,
7,0.0,77875.671875,-26720.445313,3316.604492,20,
7,0.0,69723.5625,-61254.601563,6646.594238,168,
7,0.0,98034.4375,-58006.066406,2998.856934,10,
7,0.0,66152.015625,-56677.121094,2367.296387,153,
7,0.0,50786.070313,-34697.203125,3716.69873,43,
7,0.0,26938.859375,-58409.058594,2686.259277,286,
7,0.0,68471.523438,-31433.289063,962.984863,60,
7,0.0,89168.640625,-59418.074219,4873.481445,300,
7,0.0,99348.007813,-53447.042969,878.249023,262,
7,0.0,94939.710938,-88756.421875,5651.90918,102,
7,0.0,13569.40918,-88128.859375,7588.695801,270,
8,0.0,41388.078125,-17691.601563,1129.353027,116,
8,0.0,35700.066406,-56360.265625,1685.513184,9,
8,0.0,67779.359375,-25210.0,3074.929199,281,
8,0.0,67874.726563,-64407.773438,5906.513672,123,
8,0.0,22868.960938,-70111.171875,3464.667969,87,
8,0.0,4426.746582,-65653.664063,1108.463379,160,
8,0.0,12637.299805,-57744.585938,2613.02002,304,
8,0.0,45150.351563,-57590.769531,635.638184,295,
8,0.0,69280.578125,-35023.289063,842.474609,355,
8,0.0,22995.085938,-79576.84375,7065.437988,321,
8,0.0,9954.795898,-55978.808594,4422.043457,74,
8,0.0,53551.632813,-37438.152344,1797.596191,24,
8,0.0,88639.523438,-25929.84375,2482.880371,91,
8,0.0,90648.320313,-64952.277344,5845.800781,112,
8,0.0,69225.210938,-21493.867188,4524.284668,293,
8,0.0,90402.21875,-78650.890625,7163.612793,211,
8,0.0,19032.857422,-58898.183594,3192.375488,308,
8,0.0,96499.382813,-99329.546875,3868.19873,88,
8,0.0,15095.236328,-55178.980469,3624.385742,295,
8,0.0,39843.792969,-66850.328125,2935.692383,276,
9,0.0,41584.960938,-59461.140625,1449.216797,290,
9,0.0,34872.546875,-46666.953125,858.478516,154,
9,0.0,60796.242188,-51524.375,509.927734,201,
9,0.0,39603.84375,-72126.125,6385.157227,81,
9,0.0,31811.664063,-74808.632813,3173.164551,296,
9,0.0,87541.296875,-4374.445313,1626.62207,146,
9,0.0,93303.140625,-60725.484375,4237.384277,259,
9,0.0,68213.117188,-17913.09375,4454.895508,47,
9,0.0,20820.166016,-68723.78125,4536.744629,275,
9,0.0,25443.792969,-61620.679688,3420.372559,166,
9,0.0,28652.339844,-43753.726563,2188.972656,108,
9,0.0,3953.001465,-47595.984375,1979.094238,281,
9,0.0,50220.039063,-43110.789063,1644.048828,304,
9,0.0,65493.699219,-62697.371094,4661.748535,155,
9,0.0,84772.65625,-32070.070313,915.295898,184,
9,0.0,40560.5625,-62808.117188,2346.155762,26,
9,0.0,95311.9375,-93918.390625,4791.76123,193,
9,0.0,16002.734375,-71200.171875,4007.696777,322,
9,0.0,86384.617188,-73854.984375,6804.040039,143,
9,0.0,61386.882813,-58236.789063,2006.366211,332,
9,0.0,5712.625488,-47349.886719,2007.226563,43,
9,0.0,81238.03125,-46543.898438,1172.759766,324,
9,0.0,72230.71875,-29009.1875,2277.583984,58,
9,0.0,75731.515625,-23044.304688,5305.779297,54,
9,0.0,46989.957031,-23111.984375,6543.041016,13,
9,0.0,81118.054688,-55003.632813,4184.153809,129,
10,0.0,30654.986328,-48568.085938,2148.489746,214,
10,0.0,97286.90625,-88467.25,5693.841797,61,
10,0.0,5851.057617,-96308.648438,7800.414551,250,
10,0.0,7096.944824,-90596.023438,5770.888184,94,
10,0.0,17682.375,-61140.78125,3210.494629,91,
10,0.0,47116.085938,-28507.757813,6444.287109,81,
10,0.0,8410.510742,-54037.683594,3401.158691,294,
10,0.0,59667.25,-6869.304688,1624.912598,142,
10,0.0,49687.84375,-30513.476563,6702.28125,247,
10,0.0,17390.128906,-62275.925781,3188.768066,195,
10,0.0,89224.007813,-14516.898438,3985.925293,135,
10,0.0,91072.851563,-94247.554688,5499.304688,266,
10,0.0,61229.992188,-56618.671875,1395.185547,6,
10,0.0,32205.425781,-58276.777344,2276.623535,304,
10,0.0,34518.777344,-50755.308594,1107.896484,37,
10,0.0,75516.171875,-52410.339844,1975.72998,259,
10,0.0,61257.679688,-9364.15625,1672.938477,248,
10,0.0,89719.289063,-78503.226563,6784.702148,109,
10,0.0,57520.015625,-19928.046875,3598.634766,5,
10,0.0,84022.046875,-34358.8125,773.208008,220,
10,0.0,100489.296875,-72452.210938,7959.910645,286,
10,0.0,10683.871094,-48641.914063,2081.272949,2,
10,0.0,90023.835938,-22195.257813,3314.524902,299,
10,0.0,13381.755859,-48909.546875,1778.862305,292,
10,0.0,35970.773438,-74347.1875,4893.713867,317,
11,0.0,9711.771484,-86378.46875,4506.147949,130,
11,0.0,11409.870117,-52964.066406,3369.433105,250,
11,0.0,53102.5,-40985.085938,809.602051,353,
11,0.0,10280.879883,-84049.734375,4284.10791,267,
11,0.0,83514.460938,-56557.148438,5701.798828,36,
11,0.0,9259.55957,-87255.203125,4739.005371,33,
11,0.0,41560.351563,-23979.492188,2749.125977,57,
11,0.0,97305.359375,-27514.125,4081.638184,52,
11,0.0,63475.664063,-7130.78125,1537.091797,249,
11,0.0,54920.574219,-35426.277344,2523.666504,299,
11,0.0,38013.414063,-3916.085938,498.199219,151,
11,0.0,66028.96875,-20841.703125,3290.145996,199,
11,0.0,51795.085938,-2753.257813,978.059082,152,
11,0.0,83640.59375,-52671.820313,2717.646484,46,
11,0.0,87353.640625,-62888.101563,6324.919922,141,
11,0.0,34466.480469,-56360.265625,1735.558105,89,
11,0.0,84169.710938,-99172.65625,4224.114258,17,
11,0.0,75977.609375,-24591.671875,4716.822754,49,
11,0.0,94619.78125,-11769.796875,804.370117,81,
11,0.0,21349.285156,-59790.300781,3088.087402,198,
11,0.0,17651.613281,-47448.324219,1855.163086,352,
11,0.0,69640.507813,-66914.9375,7926.742676,263,
11,0.0,89405.507813,-68425.375,6638.902344,321,
11,0.0,15187.524414,-84618.84375,7153.739746,208,
11,0.0,58581.332031,-39496.179688,763.802246,277,
11,0.0,23459.603516,-69535.90625,3421.834473,217,
12,0.0,58876.648438,-37638.109375,1438.464844,124,
12,0.0,32285.408203,-72636.789063,2529.378418,149,
12,0.0,72359.929688,-34257.296875,802.867676,186,
12,0.0,99427.984375,-69615.890625,6709.215332,71,
12,0.0,42916.984375,-58848.964844,1236.21582,174,
12,0.0,83274.515625,-14649.171875,3880.437988,111,
12,0.0,8764.28125,-76463.664063,1552.395996,115,
12,0.0,74162.617188,-61066.949219,7080.291016,281,
12,0.0,8573.552734,-62758.898438,1897.924805,353,
12,0.0,19478.916016,-79229.226563,3717.108398,275,
12,0.0,42778.554688,-17171.710938,950.901855,286,
12,0.0,70397.265625,-16445.71875,5056.199219,346,
12,0.0,40677.460938,-68773.0,3896.555664,238,
12,0.0,6650.88623,-66607.3125,1167.618164,161,
12,0.0,83594.445313,-55615.808594,5034.727539,337,
12,0.0,91934.203125,-79921.382813,7967.658691,239,
12,0.0,51321.34375,-28227.8125,7635.747559,190,
12,0.0,59150.433594,-68505.359375,3967.886719,62,
12,0.0,12409.65625,-71778.507813,2206.048828,315,
12,0.0,92681.734375,-59645.71875,3821.20752,241,
12,0.0,91768.085938,-90113.054688,6655.179688,289,
12,0.0,96926.976563,-100535.4375,3343.683594,283,
12,0.0,41904.894531,-9893.265625,628.568359,160,
12,0.0,100667.71875,-97443.796875,4175.872559,106,
12,0.0,86772.226563,-22266.007813,2925.317871,296,
12,0.0,85981.632813,-18805.21875,2671.469238,277,
12,0.0,59110.445313,-21936.851563,3665.513672,159,
13,0.0,39545.398438,-27400.296875,823.108887,290,
13,0.0,17162.486328,-69056.015625,4297.842285,232,
13,0.0,27221.876953,-44199.789063,1180.936035,192,
13,0.0,54422.214844,-11462.164063,1470.0625,148,
13,0.0,91220.507813,-56950.910156,3107.965332,295,
13,0.0,19860.373047,-81714.84375,6172.579102,201,
13,0.0,55886.519531,-30944.15625,4773.962402,230,
13,0.0,96081.007813,-24693.179688,4981.972656,188,
13,0.0,3014.740479,-90079.210938,5502.083984,81,
13,0.0,74285.664063,-16971.757813,5088.026367,174,
13,0.0,93084.726563,-16664.132813,3644.297363,92,
13,0.0,91617.34375,-11855.929688,3437.134277,273,
13,0.0,60045.632813,-64693.867188,2572.822754,150,
13,0.0,16627.216797,-84138.945313,7131.44873,224,
13,0.0,40557.488281,-62051.355469,2178.046387,338,
13,0.0,50749.15625,-38828.625,2121.654785,295,
13,0.0,15898.141602,-78389.40625,2450.936035,213,
13,0.0,18306.857422,-82625.421875,7378.348145,126,
13,0.0,58805.898438,-32469.984375,3713.794922,106,
13,0.0,21383.123047,-54185.34375,2480.716309,341,
13,0.0,86655.328125,-72329.15625,6920.311035,343,
13,0.0,44608.929688,-44716.597656,1506.887207,288,
13,0.0,83117.625,-20666.351563,3296.73877,224,
14,0.0,84031.273438,-66668.828125,7525.831055,317,
14,0.0,56320.273438,-15006.023438,2629.241211,29,
14,0.0,11492.928711,-44279.769531,1205.037109,59,
14,0.0,78863.148438,-52151.933594,2325.119141,356,
14,0.0,75590.0,-21456.953125,5579.762695,127,
14,0.0,37358.171875,-54256.097656,1067.5,234,
14,0.0,99394.148438,-52767.1875,550.511719,175,
14,0.0,84769.578125,-34075.796875,744.771973,62,
14,0.0,99901.726563,-84917.242188,7274.40918,245,
14,0.0,62352.832031,-40096.050781,897.180176,315,
14,0.0,64853.832031,-2980.898438,2546.716797,264,
14,0.0,56750.949219,-36742.921875,1863.867676,13,
14,0.0,17666.994141,-67816.28125,4645.328125,263,
14,0.0,87316.726563,-29676.734375,1277.109375,6,
14,0.0,93592.304688,-59679.554688,3538.402832,356,
14,0.0,13049.519531,-54751.378906,3899.547852,57,
14,0.0,88790.257813,-74550.21875,6105.580566,318,
14,0.0,7407.647949,-77189.65625,1687.304199,51,
14,0.0,8813.500977,-51182.910156,2727.348145,317,
14,0.0,17245.544922,-76325.234375,2091.00293,81,
14,0.0,24779.320313,-78657.039063,7709.249023,124,
14,0.0,88787.179688,-92.28125,1986.666504,342,
14,0.0,9474.898438,-58492.117188,3597.985352,10,
14,0.0,90273.023438,-50432.300781,1273.569824,145,
15,0.0,43895.234375,-28839.992188,4941.1875,224,
15,0.0,77205.039063,-22318.304688,5024.576172,111,
15,0.0,82496.21875,-55215.894531,4651.476074,103,
15,0.0,13311.000977,-78955.4375,2207.939453,46,
15,0.0,40508.269531,-70058.875,5410.311035,247,
15,0.0,65918.226563,-29402.945313,2161.171387,208,
15,0.0,16294.979492,-54056.140625,3035.742188,166,
15,0.0,45974.792969,-37585.816406,2675.032715,261,
15,0.0,87513.601563,-79450.71875,6004.37793,298,
15,0.0,15181.371094,-53948.472656,3168.078125,31,
15,0.0,18457.59375,-76755.90625,2306.381348,48,
15,0.0,66973.382813,-6023.328125,1833.101563,155,
15,0.0,87901.210938,-94635.164063,6220.791992,336,
15,0.0,6087.930176,-44864.261719,1970.79834,42,
15,0.0,50782.996094,-61839.09375,850.984375,187,
15,0.0,74147.234375,-5469.601563,2343.521973,157,
15,0.0,85781.671875,-71720.0625,7366.020996,289,
15,0.0,83320.65625,-49890.875,1444.190918,96,
15,0.0,35324.761719,-51785.859375,981.327148,226,
15,0.0,10182.439453,-51185.984375,2730.312012,234,
16,0.0,57769.191406,-36921.34375,1748.151855,141,
16,0.0,40766.671875,-61171.542969,1953.584473,49,
16,0.0,69868.148438,-1322.796875,3837.748047,299,
16,0.0,51395.171875,-40354.453125,1612.915039,338,
16,0.0,13267.93457,-71578.546875,2800.546875,41,
16,0.0,75187.015625,-16227.296875,4962.538086,34,
16,0.0,69179.0625,-15270.585938,3866.98584,329,
16,0.0,94549.023438,-55123.605469,1856.646973,244,
16,0.0,37647.339844,-68314.632813,2510.878418,11,
16,0.0,20312.583984,-47303.738281,2021.688965,178,
16,0.0,60319.417969,-52244.222656,547.853516,322,
16,0.0,78810.851563,-55646.570313,3859.587402,344,
16,0.0,37991.882813,-55326.640625,1197.094727,314,
16,0.0,15230.59082,-44919.632813,1319.297852,308,
16,0.0,83108.398438,-1630.421875,1560.616211,125,
16,0.0,78367.867188,-25160.78125,3802.693359,330,
16,0.0,85292.539063,-100015.554688,3699.474121,166,
16,0.0,90162.273438,-12788.039063,3839.880371,150,
16,0.0,52419.566406,-2470.242188,1149.969727,206,
16,0.0,6900.063965,-60802.394531,2655.052246,194,
16,0.0,74430.25,-53690.066406,2257.110352,342,
16,0.0,76949.710938,-54126.894531,2978.410645,251,
16,0.0,30691.904297,-74264.132813,2888.14209,272,
16,0.0,86467.679688,-55846.527344,4701.240234,96,
16,0.0,34783.335938,-58116.8125,1998.007324,49,
16,0.0,80970.390625,-23730.320313,3214.833496,222,
16,0.0,74919.382813,-32903.734375,868.158203,138,
16,0.0,97489.9375,-57849.179688,2965.44873,24,
16,0.0,40729.757813,-4971.242188,535.304688,256,
17,0.0,64014.011719,-13394.0625,2565.715332,107,
17,0.0,75989.914063,-35457.039063,847.391602,275,
17,0.0,44704.292969,-11889.765625,1252.064941,10,
17,0.0,97508.390625,-88827.171875,5457.69043,334,
17,0.0,90851.351563,-80890.40625,7492.007813,266,
17,0.0,67853.195313,-24847.0,3153.720215,109,
17,0.0,74224.140625,-18011.539063,5358.739258,298,
17,0.0,16135.013672,-81647.171875,5261.782227,166,
17,0.0,65136.851563,-9776.375,1869.494141,213,
17,0.0,62340.527344,-28741.554688,3535.798828,226,
17,0.0,63555.652344,-14479.984375,2539.90332,78,
17,0.0,41932.578125,-60285.578125,1679.324219,313,
17,0.0,90337.617188,-2473.320313,1800.411133,4,
17,0.0,44285.921875,-60214.828125,1470.263672,305,
17,0.0,58975.09375,-24305.570313,4269.942871,279,
17,0.0,76488.265625,-13277.164063,4097.776855,257,
17,0.0,51884.300781,-38062.632813,1960.859375,178,
17,0.0,39268.53125,-25133.09375,640.349121,314,
17,0.0,90626.789063,-70548.0,6810.118652,148,
17,0.0,64549.285156,-39059.34375,659.470703,70,
17,0.0,74624.054688,-26311.304688,3558.560059,330,
17,0.0,62140.570313,-5377.3125,1542.269531,284,
17,0.0,98889.640625,-70766.421875,7475.25,274,
18,0.0,61583.765625,-8229.015625,1727.347656,165,
18,0.0,42880.070313,-59454.988281,1404.303223,319,
18,0.0,82059.390625,-1362.789063,1456.706055,299,
18,0.0,86879.898438,-50669.175781,1626.645996,76,
18,0.0,36696.773438,-60070.242188,2085.730957,150,
18,0.0,37942.660156,-9281.09375,767.893555,263,
18,0.0,11006.878906,-78577.054688,1784.738281,176,
18,0.0,62897.328125,-62272.847656,2942.394531,142,
18,0.0,60070.242188,-40280.625,816.935547,227,
18,0.0,56953.984375,-3436.1875,1168.516113,231,
18,0.0,71695.445313,-10059.390625,2615.634766,185,
18,0.0,60390.175781,-53579.320313,664.862305,109,
18,0.0,29242.982422,-47799.019531,1581.195801,101,
18,0.0,39957.617188,-66721.125,2938.181152,98,
18,0.0,60051.785156,-22336.765625,3550.685059,46,
18,0.0,69818.929688,-50561.503906,889.97998,323,
18,0.0,64392.394531,-69277.507813,6420.870117,26,
18,0.0,91168.210938,-16959.453125,3446.10498,209,
18,0.0,1378.167114,-81785.601563,2068.299805,290,
18,0.0,47817.476563,-28867.679688,6602.509766,145,
18,0.0,73418.15625,-36533.734375,534.206055,106,
18,0.0,69492.84375,-17104.039063,5006.046875,336,
18,0.0,17725.443359,-59199.65625,3162.559082,78,
18,0.0,72039.992188,-22296.773438,5499.99707,99,
19,0.0,80585.859375,-51752.019531,2146.24707,142,
19,0.0,31879.341797,-60611.664063,2241.399902,57,
19,0.0,68176.203125,-25714.507813,3121.754395,242,
19,0.0,61632.984375,-16854.859375,2831.94873,348,
19,0.0,57932.234375,-17174.789063,2734.364258,76,
19,0.0,95917.96875,-96188.679688,4403.725586,144,
19,0.0,87864.296875,-97170.007813,5361.455078,127,
19,0.0,73605.8125,-52637.984375,1651.152344,19,
19,0.0,73716.554688,-33568.21875,749.893555,48,
19,0.0,3882.247559,-88064.257813,4398.209473,24,
19,0.0,84944.921875,-76768.210938,6929.663086,278,
19,0.0,10385.473633,-68077.765625,1909.168457,330,
19,0.0,63589.488281,-22164.5,3129.558105,212,
19,0.0,53290.152344,-7758.335938,1349.929688,157,
19,0.0,18999.017578,-54013.074219,2844.365723,238,
19,0.0,89919.25,-12258.914063,3796.030762,102,
19,0.0,92583.289063,-14320.015625,3516.421387,275,
19,0.0,88491.859375,-59993.332031,5148.669922,36,
19,0.0,28255.5,-58153.730469,2598.65332,280,
19,0.0,56175.6875,-22293.695313,4405.745117,77,
19,0.0,7949.070801,-50789.148438,2319.879395,113,
19,0.0,32580.730469,-52290.363281,1545.696289,334,
19,0.0,2719.418945,-40520.574219,1186.078125,67,
19,0.0,12425.037109,-88657.976563,7846.999023,323,
19,0.0,53419.351563,-18162.273438,3616.342285,298,
20,0.0,63681.773438,-3885.328125,2057.685059,152,
20,0.0,17500.876953,-77469.601563,2445.305176,70,
20,0.0,76798.976563,-45371.839844,560.174805,225,
20,0.0,71593.9375,-11908.21875,3274.478027,185,
20,0.0,87064.46875,-16165.773438,3386.526855,29,
20,0.0,79432.257813,-37228.96875,726.888184,179,
20,0.0,51742.792969,-10373.171875,1941.69873,30,
20,0.0,11785.173828,-63005.0,2596.325684,235,
20,0.0,77229.648438,-5894.125,1854.668457,292,
20,0.0,43719.886719,-65219.910156,2780.455566,276,
20,0.0,8256.697266,-66311.984375,1521.451172,346,
20,0.0,97477.632813,-99237.257813,3827.754395,288,
20,0.0,66305.835938,-57138.558594,2634.893555,291,
20,0.0,3676.137695,-70317.28125,659.14209,69,
20,0.0,66607.304688,-19331.25,3598.427246,119,
20,0.0,40225.253906,-21235.460938,1174.177734,13,
20,0.0,54699.082031,-15910.445313,3210.632324,59,
20,0.0,61405.339844,-33294.421875,2906.813965,326,
20,0.0,62402.050781,-7090.789063,1738.30957,155,
20,0.0,7026.191406,-76937.40625,1637.075195,323,
20,0.0,86393.851563,-3196.242188,1666.379883,136,
20,0.0,88365.734375,-57129.332031,4597.910645,157,
20,0.0,66459.648438,-64100.148438,6121.779297,163,
20,0.0,9151.890625,-63983.25,1801.904785,215,
20,0.0,23167.357422,-72529.117188,2733.270996,74,
20,0.0,69388.25,-35767.742188,733.498535,189,
20,0.0,64447.765625,-56984.746094,2013.88916,222,
20,0.0,62900.402344,-37127.453125,1570.768555,306,
20,0.0,96370.171875,-89300.921875,5236.943359,98,
21,0.0,100726.171875,-16636.445313,669.835938,303,
21,0.0,69914.289063,-20463.320313,5089.335938,127,
21,0.0,86975.265625,-65315.277344,6165.814453,248,
21,0.0,2239.521484,-50626.105469,2088.916016,262,
21,0.0,23145.822266,-45251.871094,1494.665039,273,
21,0.0,82926.898438,-50970.648438,1632.125488,66,
21,0.0,16990.214844,-66496.5625,5514.27832,107,
21,0.0,71138.640625,-63977.097656,7332.099609,339,
21,0.0,33682.035156,-68422.304688,2390.624512,120,
21,0.0,68696.09375,-17190.171875,4656.161621,215,
21,0.0,77072.757813,-29362.953125,2130.05957,152,
21,0.0,56769.40625,-4512.882813,1425.581055,277,
21,0.0,85812.4375,-26431.273438,2244.723633,22,
21,0.0,34681.820313,-74347.1875,3920.756348,129,
21,0.0,45522.578125,-25840.632813,6499.371094,116,
21,0.0,84621.921875,-53613.160156,3446.130859,118,
21,0.0,812.134155,-43889.082031,1854.496582,265,
21,0.0,74162.617188,-5608.03125,2317.174805,204,
21,0.0,44559.710938,-68363.851563,4882.078613,93,
21,0.0,10305.490234,-64952.277344,1971.84082,267,
21,0.0,52351.890625,-969.023438,1491.589844,15,
21,0.0,67207.171875,-66487.328125,6505.097656,253,
21,0.0,31654.775391,-72055.375,2375.514648,177,
21,0.0,93253.921875,-19020.554688,4490.54541,132,
21,0.0,92152.617188,-10191.671875,1946.663574,266,
21,0.0,42298.65625,-56547.914063,780.030273,23,
21,0.0,14393.84668,-68493.0625,3057.476563,76,
21,0.0,2384.105957,-36884.425781,584.499023,293,
21,0.0,72086.132813,-12831.101563,3733.151367,215,
22,0.0,23828.753906,-50204.65625,2014.784668,111,
22,0.0,59802.609375,-37638.109375,1535.143555,44,
22,0.0,63343.390625,-40674.386719,510.243164,335,
22,0.0,78340.1875,-31913.179688,1172.487793,39,
22,0.0,45922.492188,-59596.496094,1033.470215,351,
22,0.0,28255.5,-74134.929688,2568.655762,326,
22,0.0,56221.835938,-32519.203125,3874.827637,159,
22,0.0,78300.195313,-6389.398438,1940.461426,339,
22,0.0,55508.140625,-32725.3125,3725.622559,129,
22,0.0,11988.208008,-78733.945313,1919.731445,98,
22,0.0,4540.568359,-88384.1875,4673.550781,30,
22,0.0,86796.835938,-28172.4375,1895.04248,52,
22,0.0,75156.25,-56163.386719,4055.221924,85,
22,0.0,69028.328125,-58599.785156,5546.088867,73,
22,0.0,14101.601563,-82619.265625,4685.441406,246,
22,0.0,89494.726563,-99064.984375,3570.510742,288,
22,0.0,70852.554688,-8804.273438,2004.877441,333,
22,0.0,86566.117188,-50518.4375,1604.183594,348,
22,0.0,66776.5,-54369.921875,1632.423828,345,
22,0.0,2710.189941,-76534.414063,1045.797852,31,
22,0.0,27486.433594,-60417.859375,2948.561035,254,
22,0.0,90543.734375,-13889.34375,3853.953613,83,
22,0.0,12775.732422,-50647.640625,1921.745605,179,
22,0.0,25862.167969,-45719.460938,1337.291504,343,
22,0.0,90140.742188,-79506.085938,7121.177246,152,
23,0.0,655.244629,-48063.574219,1777.847656,344,
23,1.0,26108.267578,-71673.914063,2569.160645,111,
23,1.0,11855.928711,-74491.773438,1681.930664,225,
23,0.0,86104.679688,-28833.835938,1771.447754,112,
23,1.0,73916.507813,-22164.5,5817.667969,356,
23,1.0,18537.578125,-62811.195313,4134.168945,314,
23,0.0,18617.560547,-69332.875,3736.614746,63,
23,0.0,86630.71875,-53093.269531,2537.045898,348,
23,0.0,33291.347656,-58892.03125,2202.405762,111,
23,1.0,89233.242188,-1288.960938,1927.862305,10,
23,1.0,1430.463623,-66185.859375,728.904297,101,
23,0.0,85240.25,-23837.984375,2590.942383,264,
23,0.0,1498.141479,-83665.203125,3089.84082,227,
23,0.0,49930.867188,-24148.6875,7627.697754,191,
23,0.0,42720.101563,-34660.289063,2694.90332,351,
23,1.0,90017.6875,-76140.65625,6494.262207,234,
23,0.0,2799.401855,-37404.316406,638.929688,183,
23,0.0,13695.535156,-53840.804688,3271.45166,16,
23,0.0,27138.818359,-46196.285156,1203.689453,209,
23,1.0,91497.375,-29206.0625,1841.217285,61,
23,1.0,22859.730469,-79127.710938,6490.10791,97,
23,1.0,28363.169922,-74304.125,2622.729004,234,
23,0.0,48180.472656,-41369.621094,2190.718262,254,
23,0.0,73510.445313,-58818.203125,6286.077148,39,
23,0.0,21589.234375,-71157.101563,3172.043945,95,
23,0.0,74544.070313,-31522.492188,1051.874023,243,
24,0.0,74716.34375,-6340.179688,2269.930664,21,
24,0.0,89860.796875,-94272.164063,5822.694336,135,
24,1.0,3039.350586,-72818.289063,699.695313,322,
24,0.0,62223.628906,-16996.367188,2755.17334,34,
24,0.0,85363.304688,-67699.382813,7533.189453,77,
24,0.0,35509.335938,-7822.945313,485.623535,197,
24,0.0,66318.140625,-10573.125,2592.218262,339,
24,0.0,10443.921875,-43199.996094,1182.518555,165,
24,0.0,50001.625,-590.640625,929.231445,3,
24,0.0,92900.148438,-55911.128906,2285.522461,225,
24,0.0,90829.820313,-78161.757813,7369.679688,113,
24,0.0,54182.265625,-17150.179688,3335.717773,240,
24,1.0,1018.243958,-90620.640625,5139.000977,191,
24,0.0,7047.724609,-64752.320313,1396.512695,263,
24,0.0,43492.246094,-60457.851563,1635.807617,162,
24,0.0,39450.03125,-10136.296875,898.430176,360,
24,1.0,56550.992188,-26988.078125,5834.737305,311,
24,0.0,24130.228516,-58796.667969,3025.615234,64,
24,1.0,22945.865234,-44439.738281,1373.339844,256,
24,1.0,2522.537842,-37478.144531,669.344238,52,
24,1.0,90045.375,-19008.25,3596.072754,163,
25,1.0,39536.167969,-65555.21875,2673.269043,234,
25,1.0,2959.367676,-86381.539063,4267.67627,135,
25,1.0,30642.681641,-64850.757813,2559.83252,80,
25,1.0,25717.580078,-72316.859375,2520.690918,163,
25,0.0,65712.117188,-61156.164063,3996.497314,316,
25,0.0,84658.835938,-17470.117188,3416.747559,138,
25,1.0,47620.59375,-65195.300781,2963.822754,335,
25,0.0,92084.9375,-16011.960938,3515.885742,281,
25,1.0,88421.109375,-12680.367188,4102.377441,277,
25,1.0,65561.375,-62758.898438,4777.85498,201,
25,0.0,86756.851563,-50392.308594,1579.682129,37,
25,0.0,49804.742188,-15559.75,2686.399902,323,
25,1.0,25096.175781,-67317.921875,3090.515137,208,
25,1.0,76377.523438,-48315.828125,951.984863,282,
25,0.0,90386.835938,-9708.695313,2800.660645,84,
25,1.0,47368.339844,-27760.21875,6566.355957,44,
25,0.0,43633.753906,-37862.675781,2099.782715,10,
25,1.0,68243.882813,-6484.765625,1826.957031,213,
25,0.0,85117.195313,-95844.132813,5761.100586,16,
25,1.0,55944.96875,-66791.882813,2837.529785,296,
25,1.0,16977.910156,-46085.535156,1539.552734,104,
26,0.0,46996.109375,-29033.796875,6316.755859,111,
26,0.0,83788.25,-77383.46875,7411.802734,1,
26,1.0,53579.320313,-21026.28125,5090.085938,264,
26,0.0,85237.171875,-60159.453125,6261.461914,27,
26,0.0,82840.765625,-21863.023438,3242.025391,188,
26,0.0,1522.751587,-36647.554688,606.189453,317,
26,0.0,67800.898438,-15356.71875,3934.557861,118,
26,1.0,5844.904785,-46953.042969,2009.331055,45,
26,1.0,40763.597656,-42984.660156,1629.436523,17,
26,1.0,85178.726563,-12421.960938,3953.271484,205,
26,0.0,14941.423828,-72559.882813,3354.123535,45,
26,1.0,51902.757813,-62398.976563,1093.061523,224,
26,0.0,15027.557617,-50300.023438,2096.089844,226,
26,0.0,43999.828125,-17430.125,1497.910156,161,
26,0.0,1473.53125,-41046.609375,1354.539551,117,
26,0.0,6223.285645,-78001.796875,1810.905273,68,
26,0.0,15129.074219,-49115.65625,1924.855469,286,
26,0.0,16793.333984,-73027.46875,3163.73584,259,
26,0.0,55951.121094,-66841.101563,2862.541504,309,
26,0.0,2897.842285,-71009.4375,621.490723,273,
27,1.0,67339.460938,-66287.375,6646.948242,97,
27,0.0,6192.522949,-59233.496094,4180.128418,179,
27,0.0,98169.796875,-67570.171875,6705.941406,277,
27,1.0,44787.351563,-58559.796875,941.816895,321,
27,1.0,67720.914063,-10447.0,2308.574707,100,
27,0.0,67634.78125,-20291.046875,3862.680176,74,
27,1.0,63644.859375,-10886.90625,2033.741699,272,
27,1.0,88491.859375,-15578.210938,3719.411621,70,
27,0.0,52268.828125,-1461.226563,1447.128906,282,
27,0.0,30135.099609,-74974.75,3337.999023,83,
27,1.0,58996.625,-36945.953125,1879.888184,51,
27,0.0,13806.280273,-55385.089844,3660.743652,14,
27,0.0,86812.21875,-61879.085938,5983.65332,356,
27,0.0,32774.535156,-57409.269531,2061.655273,98,
27,0.0,29335.269531,-46740.78125,1457.987793,323,
27,1.0,8182.866699,-73695.023438,1256.865234,34,
27,0.0,2654.817383,-36884.425781,568.242676,183,
27,0.0,93432.34375,-84585.0,7818.060059,94,
27,0.0,12501.944336,-64998.417969,2466.51123,208,
27,0.0,45319.546875,-39785.34375,2210.261719,268,
27,0.0,28092.457031,-56584.832031,2471.496094,23,
27,0.0,9665.626953,-62872.71875,2055.774414,189,
27,1.0,99372.617188,-23167.359375,4673.325195,269,
27,1.0,36549.113281,-54385.300781,1204.337891,168,
27,1.0,86347.703125,-76592.867188,6238.481445,270,
27,1.0,65382.953125,-2264.132813,3065.45459,94,
27,1.0,3273.146729,-95425.765625,5627.234375,207,
28,1.0,88728.734375,-56077.25,3900.923828,334,
28,0.0,92444.867188,-58101.429688,3290.389648,233,
28,1.0,44292.074219,-43526.082031,1792.65625,195,
28,0.0,89814.65625,-13997.007813,3980.716553,77,
28,0.0,50115.445313,-9370.304688,1371.071777,294,
28,0.0,82594.664063,-56603.289063,5353.921875,85,
28,1.0,78195.601563,-25563.765625,3714.050293,202,
28,1.0,51828.925781,-13363.296875,2595.946777,233,
28,0.0,61063.875,-38591.753906,1223.87793,221,
28,1.0,69486.6875,-16648.75,4762.963867,344,
28,0.0,45753.300781,-26732.75,6413.113281,289,
28,0.0,69403.632813,-58304.464844,5547.798828,66,
28,1.0,52453.40625,-19977.265625,4682.186035,52,
28,1.0,54637.558594,-60565.519531,537.158203,163,
28,0.0,50841.441406,-32746.84375,4969.833008,92,
28,1.0,100323.179688,-100630.804688,2921.197754,143,
28,1.0,62380.519531,-28707.710938,3494.507324,191,
28,0.0,38797.863281,-9456.4375,879.6875,256,
28,0.0,3642.298584,-69114.460938,677.347656,1,
28,0.0,7090.79248,-77829.523438,1801.69043,200,
28,0.0,34457.253906,-77524.96875,7257.112793,166,
28,1.0,98606.625,-33309.804688,613.300293,1,
28,0.0,59205.8125,-23231.960938,4046.73877,307,
29,0.0,80813.5,-28839.992188,2510.601563,52,
29,1.0,96757.78125,-19045.164063,3998.223145,236,
29,0.0,99089.59375,-86070.84375,6511.050781,130,
29,0.0,100649.257813,-90229.953125,5144.299805,193,
29,0.0,34023.5,-68333.09375,2390.624512,116,
29,0.0,18989.789063,-65084.554688,6177.228516,7,
29,0.0,41784.917969,-5857.210938,614.560547,73,
29,0.0,60728.558594,-26126.726563,4154.024902,136,
29,1.0,91282.039063,-13080.28125,3704.630371,158,
29,1.0,76076.046875,-50521.511719,1437.027832,268,
29,1.0,44110.574219,-12363.515625,1021.080566,254,
29,1.0,65813.625,-4362.140625,2319.597168,87,
29,0.0,4386.754883,-74682.5,1011.54541,10,
29,0.0,18900.576172,-70268.0625,3398.101074,170,
29,1.0,58489.039063,-56071.097656,774.462402,90,
29,0.0,47783.632813,-48082.03125,736.245605,196,
29,1.0,70757.1875,-51284.425781,1044.732422,236,
29,0.0,52416.492188,-64890.75,3211.942871,197,
29,0.0,78155.609375,-31110.273438,1450.700684,119,
29,0.0,10877.675781,-84686.523438,4450.276855,282,
29,0.0,7798.333984,-39493.101563,994.266602,127,
29,1.0,32485.367188,-78447.851563,7743.25293,357,
29,1.0,78146.382813,-33140.609375,991.655273,327,
29,1.0,99969.40625,-84421.960938,7625.226563,129,
29,0.0,51142.917969,-66585.765625,4020.186768,113,
29,0.0,64318.566406,-50847.597656,582.303711,185,
29,1.0,51662.804688,-23493.4375,7443.522949,0,
29,0.0,54320.703125,-69185.21875,5266.205078,62,
29,1.0,18100.748047,-39739.203125,2972.824219,39,
30,0.0,78727.796875,-15107.539063,4985.802734,1,
30,1.0,72218.414063,-34241.914063,803.509277,152,
30,0.0,57283.144531,-27591.023438,5497.733398,302,
30,0.0,28498.527344,-75876.09375,3454.439453,14,
30,1.0,43959.839844,-46417.773438,1941.804199,161,
30,0.0,81844.054688,-6961.585938,2390.490234,194,
30,0.0,62494.335938,-27409.523438,3202.718262,31,
30,0.0,86236.960938,-75371.585938,6538.394043,115,
30,0.0,81222.648438,-17728.515625,4160.026855,23,
30,0.0,48278.914063,-65330.65625,2886.373535,307,
30,1.0,42513.992188,-19808.078125,1838.172852,161,
30,0.0,26203.630859,-46131.679688,1315.882813,195,
30,0.0,68889.898438,-267.632813,4455.467285,308,
30,1.0,73581.203125,-56803.246094,4266.137207,337,
30,1.0,66173.554688,-30888.78125,1840.916016,52,
30,0.0,79066.1875,-23275.023438,4181.931641,315,
30,1.0,60384.023438,-5389.617188,1624.783203,314,
30,0.0,19580.431641,-52216.535156,2205.080566,247,
30,0.0,87430.546875,-55877.292969,4366.967773,309,
30,0.0,44815.039063,-35598.546875,2477.335449,173,
30,1.0,78327.882813,-6109.460938,1867.633789,359,
30,0.0,68047.0,-21690.75,3997.712402,358,
30,1.0,27874.042969,-57307.753906,2547.105957,318,
30,0.0,1888.827148,-36216.878906,506.548828,145,
30,0.0,81447.210938,-29430.640625,2256.166504,61,
30,0.0,62734.289063,-23988.71875,3219.123535,297,
31,1.0,40351.378906,-70052.726563,5144.599609,129,
31,0.0,67388.679688,-36.914063,4525.258789,61,
31,0.0,78257.125,-1445.84375,1900.077148,308,
31,1.0,73522.75,-56741.71875,4204.773926,329,
31,1.0,5891.048828,-74245.671875,1135.445313,359,
31,1.0,7786.02832,-85658.617188,3742.815918,232,
31,0.0,26821.958984,-43012.34375,928.005859,76,
31,1.0,57329.289063,-62792.738281,1670.260254,223,
31,0.0,37524.289063,-69775.859375,2602.377441,42,
31,1.0,45676.394531,-48245.074219,846.261719,136,
31,1.0,18789.832031,-63266.480469,4489.914551,124,
31,0.0,48620.378906,-17562.398438,2761.204102,195,
31,1.0,93198.546875,-51349.027344,1136.51709,201,
31,1.0,68557.65625,-4239.09375,2745.102539,172,
31,0.0,28286.261719,-43861.398438,1582.082031,348,
31,1.0,49666.3125,-11173.0,1908.612793,221,
31,1.0,62860.414063,-68225.421875,5305.442383,260,
31,0.0,40123.734375,-4605.164063,598.186035,232,
31,0.0,22948.941406,-57415.421875,2805.978027,308,
31,0.0,53040.972656,-25908.3125,7564.398926,55,
31,1.0,73978.039063,-3900.703125,2726.98584,267,
31,1.0,53342.449219,-29793.632813,5951.729492,82,
31,1.0,16396.496094,-70508.007813,4108.894043,118,
31,1.0,16061.182617,-76285.234375,2155.51416,55,
31,0.0,3820.721924,-100104.765625,7926.025879,173,
32,0.0,2574.834229,-80761.203125,1958.529785,265,
32,1.0,59141.207031,-20623.289063,3585.4375,301,
32,0.0,61731.425781,-21078.570313,3110.44873,259,
32,0.0,43486.09375,-44861.183594,2129.561523,197,
32,0.0,89528.5625,-96191.75,5318.71582,57,
32,0.0,43532.234375,-35835.417969,2172.495117,320,
32,1.0,13910.874023,-84987.992188,6695.229492,253,
32,0.0,37564.28125,-7515.3125,474.328613,337,
32,1.0,100129.375,-66573.46875,6142.737305,44,
32,0.0,28510.832031,-57769.195313,2583.323242,128,
32,1.0,43273.832031,-35786.199219,2123.580566,265,
32,0.0,56818.632813,-25256.140625,5510.436523,359,
32,1.0,86787.609375,-15805.851563,3522.146973,297,
32,1.0,99744.84375,-19306.640625,3333.060547,178,
32,0.0,83074.554688,-58467.507813,6981.347656,210,
32,1.0,58535.183594,-6589.359375,1463.780762,116,
32,1.0,43975.21875,-66530.398438,3424.088867,218,
32,1.0,99612.5625,-71495.492188,7584.306641,249,
32,1.0,39031.660156,-52314.972656,586.449707,129,
32,0.0,461.43985,-72864.429688,491.680664,236,
32,0.0,30950.308594,-49940.101563,2829.634766,65,
32,0.0,46574.664063,-24001.023438,6384.569336,350,
33,1.0,9441.05957,-56723.261719,4611.523926,348,
33,1.0,90331.46875,-14716.859375,3828.646484,337,
33,1.0,62968.085938,-50893.742188,555.685547,41,
33,0.0,44036.742188,-10265.5,518.72998,86,
33,1.0,23222.730469,-76983.546875,3963.922607,341,
33,1.0,19718.863281,-80109.039063,4282.620117,60,
33,1.0,6389.404297,-77291.171875,1674.947266,13,
33,1.0,84871.09375,-30639.609375,1288.93457,272,
33,0.0,82397.78125,-24182.523438,2824.539551,112,
33,1.0,82631.578125,-12720.359375,3735.378906,356,
33,0.0,51167.527344,-2230.289063,615.335938,346,
33,1.0,55280.496094,-26640.460938,6283.853516,255,
33,0.0,46353.171875,-8453.578125,1233.506348,356,
33,1.0,59125.824219,-18171.5,2769.216309,282,
33,0.0,95770.304688,-14873.75,2575.160645,255,
33,1.0,28230.890625,-55486.605469,2287.180664,344,
33,0.0,16461.097656,-84637.296875,7803.186035,128,
33,1.0,62832.726563,-65447.554688,3403.13623,27,
33,1.0,14849.135742,-41763.382813,1859.502441,212,
33,0.0,75697.671875,-55194.359375,3183.274414,93,
33,0.0,83462.164063,-60983.894531,7283.490234,114,
33,0.0,70148.085938,-20807.867188,4970.242188,58,
33,0.0,80272.078125,-26901.945313,2901.217773,221,
33,0.0,3574.620605,-86292.328125,4447.817383,89,
33,1.0,93881.476563,-98302.070313,3834.431152,134,
34,1.0,89119.421875,-83145.3125,7761.39502,152,
34,0.0,54726.769531,-40296.007813,662.622559,112,
34,0.0,76534.414063,-25954.453125,3790.433105,326,
34,1.0,4066.823242,-75728.4375,1018.741211,320,
34,1.0,55837.300781,-36130.746094,2200.470703,128,
34,0.0,88242.679688,-60682.417969,5257.073242,238,
34,0.0,54256.101563,-34789.492188,2898.873535,161,
34,1.0,44581.242188,-61676.054688,1830.048828,174,
34,0.0,47657.507813,-43806.027344,2783.213379,179,
34,0.0,14993.719727,-49109.503906,1910.044434,172,
34,0.0,399.914551,-85326.382813,3908.285156,105,
34,0.0,94912.023438,-60633.199219,3983.574707,79,
34,1.0,90946.71875,-30667.296875,885.82373,238,
34,0.0,59645.71875,-9213.414063,1526.915039,116,
34,1.0,51259.8125,-18965.179688,4324.949707,193,
34,1.0,83803.632813,-52782.566406,2785.521484,145,
34,1.0,81582.5625,-58347.535156,6467.024414,165,
34,0.0,50383.082031,-22315.226563,7551.950195,236,
34,0.0,16088.870117,-57513.863281,3513.85498,325,
34,1.0,29132.236328,-40945.097656,1142.908691,313,
34,1.0,53034.820313,-22785.898438,6409.078125,109,
34,0.0,57876.863281,-40625.164063,534.945313,222,
34,0.0,79459.945313,-58965.863281,6373.581055,85,
34,1.0,12357.359375,-39773.039063,577.208984,311,
34,1.0,19309.71875,-68745.3125,4064.075684,278,
34,0.0,3442.341553,-85769.367188,4252.287598,194,
35,0.0,29972.056641,-77094.296875,6348.766602,71,
35,1.0,87129.078125,-53216.324219,2436.533203,187,
35,1.0,16577.996094,-79822.945313,3399.700684,326,
35,1.0,86052.382813,-53250.160156,2817.321777,280,
35,0.0,91786.539063,-53124.035156,1514.074707,115,
35,1.0,81619.484375,-37133.605469,610.578125,184,
35,1.0,95662.640625,-97868.320313,4214.683594,5,
35,1.0,87442.851563,-7656.828125,2389.280273,335,
35,0.0,67376.375,-7970.601563,1505.737305,70,
35,0.0,70612.609375,-52841.015625,1317.902832,74,
35,0.0,18442.212891,-57523.09375,3702.998535,114,
35,1.0,57427.730469,-60866.992188,1210.82959,315,
35,0.0,25656.056641,-39554.625,481.990723,227,
35,1.0,37112.070313,-75131.640625,7387.099609,97,
35,1.0,9290.323242,-88947.148438,5838.97168,125,
35,0.0,74962.445313,-19863.445313,5766.022461,39,
35,1.0,95874.898438,-68256.1875,7775.496094,278,
35,0.0,1141.294556,-54013.074219,2070.519043,150,
35,0.0,58799.746094,-53988.460938,485.267578,187,
35,0.0,17467.037109,-51173.679688,2192.846191,162,
35,1.0,84305.0625,-96425.546875,5428.076172,86,
35,1.0,30510.404297,-47823.628906,2432.237793,93,
35,1.0,14430.762695,-41843.371094,1890.145996,83,
35,1.0,63081.902344,-9899.421875,1782.744141,290,
36,0.0,81970.171875,-10782.3125,3338.859863,15,
36,0.0,86833.75,-67090.28125,6776.898926,163,
36,0.0,15049.092773,-42197.136719,1605.445313,146,
36,1.0,88790.257813,-91503.523438,7707.842773,26,
36,1.0,99489.507813,-64014.011719,6344.349609,278,
36,0.0,46608.5,-61891.390625,1556.949219,339,
36,1.0,54948.257813,-24760.867188,6529.10791,41,
36,1.0,33328.265625,-51844.308594,1229.977539,244,
36,1.0,89054.8125,-53345.523438,2126.030273,35,
36,0.0,72012.304688,-932.109375,3767.313477,121,
36,0.0,89574.703125,-99929.414063,3172.187988,191,
36,0.0,55400.46875,-5217.351563,1673.746094,124,
36,1.0,68896.046875,-54585.261719,1969.453613,254,
36,0.0,69428.242188,-31839.351563,751.536133,23,
36,1.0,6709.335938,-95791.835938,7910.787598,199,
36,1.0,92124.929688,-66228.921875,6000.427246,92,
36,0.0,95032.0,-24164.070313,4915.151855,280,
36,0.0,35696.988281,-70034.265625,2306.449219,237,
36,0.0,62651.226563,-57221.617188,1683.167969,225,
36,1.0,19503.525391,-56941.679688,3977.608398,135,
36,1.0,51755.097656,-13000.296875,2510.491699,135,
36,1.0,64417.003906,-22533.640625,3085.122559,345,
36,1.0,78069.476563,-18780.601563,4420.258789,319,
