0,0.0,198136.125,42031.019531,4211.291992,313,
0,0.0,107856.953125,61497.625,3213.50293,319,
0,0.0,183939.15625,38413.328125,4341.070801,205,
0,0.0,160944.0625,95351.929688,1746.346191,206,
0,0.0,102728.820313,64146.292969,3025.778809,321,
0,0.0,171947.875,58061.441406,6837.180664,170,
0,0.0,157514.03125,71947.703125,1420.145996,154,
0,0.0,186984.65625,53453.195313,3422.638672,82,
0,0.0,182684.03125,39182.398438,4123.745605,351,
0,0.0,201209.3125,95659.5625,3874.021484,89,
0,0.0,155800.5625,91611.195313,845.350586,41,
0,0.0,125828.5,28184.746094,2244.614746,332,
0,0.0,114618.585938,73138.21875,3986.828613,96,
0,0.0,115676.820313,74740.953125,3324.976074,237,
0,0.0,168763.9375,47199.144531,1306.325684,142,
0,0.0,184791.28125,91586.585938,2474.852051,8,
0,0.0,154865.375,84569.625,587.72168,171,
0,0.0,176771.46875,87815.078125,4941.832031,4,
0,0.0,108552.1875,66730.359375,5409.392578,53,
0,0.0,185268.09375,55471.226563,3144.447266,15,
0,0.0,188519.71875,53865.414063,1625.193359,253,
0,0.0,185418.84375,100636.953125,2027.775879,118,
1,0.0,163380.46875,72815.210938,2065.281738,3,
1,0.0,112052.976563,58458.277344,1922.580078,50,
1,0.0,101009.1875,36955.179688,2242.851563,101,
1,0.0,102845.71875,70286.523438,7116.213379,60,
1,0.0,104011.625,67022.601563,5372.390625,87,
1,0.0,123878.148438,15648.963867,7362.744629,349,
1,0.0,122629.179688,25366.888672,5932.319336,200,
1,0.0,106392.648438,93001.664063,826.566406,38,
1,0.0,160288.828125,81914.804688,1521.546875,85,
1,0.0,185172.75,50576.886719,6840.130859,296,
1,0.0,116279.765625,90571.414063,507.077637,247,
1,0.0,177531.296875,32522.28125,634.524902,323,
1,0.0,122712.242188,18436.060547,6726.009766,126,
1,0.0,190805.375,74497.921875,7034.57373,304,
1,0.0,176799.15625,37376.628906,857.863281,154,
1,0.0,155800.5625,81216.492188,1052.089355,290,
1,0.0,121321.765625,42295.578125,1180.790039,78,
1,0.0,106029.648438,81693.3125,5888.980469,168,
1,0.0,192795.71875,22087.587891,680.521484,322,
1,0.0,135392.609375,14741.46582,708.042969,282,
1,0.0,173479.84375,52478.019531,6313.119141,226,
1,0.0,117476.4375,76177.570313,2703.453613,203,
1,0.0,175879.34375,67241.023438,6864.855957,274,
1,0.0,101821.320313,76457.507813,7368.770508,118,
1,0.0,111560.78125,40929.714844,3284.833008,66,
1,0.0,171369.53125,54089.980469,5378.084473,208,
1,0.0,120331.210938,13923.178711,6381.542969,186,
2,0.0,112089.898438,21195.470703,6859.289551,205,
2,0.0,172898.4375,45633.328125,2325.788086,339,
2,0.0,177435.9375,56227.988281,7448.800293,104,
2,0.0,114178.679688,8964.238281,1894.676758,345,
2,0.0,162580.640625,81905.578125,1523.530273,150,
2,0.0,101845.929688,20660.201172,1775.887695,351,
2,0.0,119620.59375,77638.796875,2290.842285,281,
2,0.0,129747.65625,20161.845703,486.727051,311,
2,0.0,168573.21875,65592.140625,6851.722168,174,
2,0.0,151632.21875,79979.828125,575.53418,71,
2,0.0,166872.03125,87753.554688,3761.171875,19,
2,0.0,176611.5,53668.535156,7651.315918,163,
2,0.0,185443.453125,99563.34375,2328.574707,132,
2,0.0,188753.515625,50906.046875,4880.862305,14,
2,0.0,196874.859375,40446.742188,5474.142578,119,
2,0.0,171317.25,94890.492188,3385.461426,99,
2,0.0,103322.539063,99775.601563,916.654297,207,
2,0.0,199532.75,19518.90625,1108.307617,295,
2,0.0,110302.585938,17362.443359,3675.260254,180,
2,0.0,126105.359375,38013.414063,604.15625,173,
2,0.0,167554.96875,94813.585938,2697.269043,240,
3,0.0,193192.5625,64693.871094,715.620605,174,
3,0.0,167631.875,59753.390625,4707.337402,145,
3,0.0,107515.484375,21213.927734,5320.19043,115,
3,0.0,197477.8125,40622.089844,5144.458008,222,
3,0.0,156861.875,55886.519531,511.636719,262,
3,0.0,196438.03125,27301.857422,1017.713379,144,
3,0.0,176396.15625,94453.664063,3596.508301,109,
3,0.0,191891.3125,27544.884766,990.345703,130,
3,0.0,121875.5,3925.315186,3908.541992,119,
3,0.0,121749.375,70065.03125,1309.285156,51,
3,0.0,165869.171875,68760.6875,4464.497559,154,
3,0.0,166589.015625,92161.84375,3564.840332,2,
3,0.0,115206.15625,14141.592773,3982.908691,1,
3,0.0,140957.578125,7742.960938,689.145508,95,
3,0.0,179887.71875,70117.328125,4412.251465,344,
3,0.0,123158.296875,18205.341797,6828.317383,244,
3,0.0,173199.90625,85550.953125,5817.928711,213,
3,0.0,190454.6875,24407.091797,820.562988,187,
3,0.0,164417.171875,83477.546875,1796.516113,204,
3,0.0,188572.015625,28833.839844,1137.480469,290,
4,0.0,115563.0,1811.92041,1095.01416,237,
4,0.0,105202.132813,56526.382813,630.475586,346,
4,0.0,159372.09375,58747.445313,695.230957,235,
4,0.0,182914.75,60857.765625,1752.704102,41,
4,0.0,170068.28125,91765.007813,3661.903809,347,
4,0.0,187230.765625,73928.820313,6105.292969,331,
4,0.0,197090.1875,36967.488281,6104.421875,284,
4,0.0,106457.25,89088.65625,1997.396973,262,
4,0.0,103257.9375,97874.46875,769.529785,78,
4,0.0,195087.546875,94450.585938,6464.564941,34,
4,0.0,195044.46875,33823.542969,7679.382324,202,
4,0.0,109136.679688,90002.304688,698.781738,8,
4,0.0,163325.109375,91303.570313,2934.972168,87,
4,0.0,158323.09375,94595.171875,1284.520508,96,
4,0.0,164309.5,81816.367188,1741.279297,337,
4,0.0,195502.84375,73615.039063,6394.219727,196,
4,0.0,171907.875,47192.992188,2660.92627,121,
4,0.0,176054.6875,44981.15625,2803.466309,196,
4,0.0,101036.875,69557.445313,4685.919922,93,
4,0.0,168480.921875,71667.765625,7210.378418,252,
4,0.0,158633.796875,79684.515625,1590.758789,259,
4,0.0,116608.929688,88451.867188,720.787109,36,
4,0.0,119879.0,28037.085938,7581.344238,211,
5,0.0,103251.78125,91798.84375,2661.446777,217,
5,0.0,113280.40625,64444.6875,2709.641602,355,
5,0.0,168447.09375,71987.695313,7201.733398,255,
5,0.0,111711.515625,38456.398438,4120.432617,302,
5,0.0,102824.179688,16701.046875,544.458496,232,
5,0.0,113588.039063,19315.871094,6098.55957,282,
5,0.0,116196.710938,8185.943359,3180.077637,160,
5,0.0,185954.125,49783.210938,7032.533203,138,
5,0.0,101498.3125,75974.539063,7246.009277,111,
5,0.0,200148.0,89500.875,7156.84668,139,
5,0.0,122699.9375,35586.242188,1646.214355,66,
5,0.0,188741.21875,50158.515625,5608.376953,171,
5,0.0,177365.1875,92404.867188,3467.989746,319,
5,0.0,161436.28125,88510.320313,1976.985352,253,
5,0.0,109635.03125,18156.121094,3839.225586,175,
5,0.0,156489.640625,69665.117188,1209.658203,79,
5,0.0,108629.09375,40096.046875,3580.698242,54,
5,0.0,168742.40625,65921.296875,6987.096191,128,
5,0.0,133466.875,12283.529297,3744.803711,260,
5,0.0,109844.21875,14815.295898,2996.958496,59,
5,0.0,162171.5,66072.039063,1358.099609,228,
5,0.0,119706.726563,79373.804688,2194.842285,162,
5,0.0,107060.203125,60894.679688,2802.097168,251,
5,0.0,179377.0625,67859.351563,3041.193848,199,
6,0.0,155185.296875,89334.757813,474.094727,332,
6,0.0,105168.296875,41843.367188,2415.132813,197,
6,0.0,165927.625,67139.5,4621.42334,308,
6,0.0,106041.953125,62497.414063,3352.213379,170,
6,0.0,115572.226563,73528.898438,3131.112793,278,
6,0.0,165315.4375,58775.136719,2228.59082,318,
6,0.0,125274.765625,34564.921875,683.240234,79,
6,0.0,157169.5,92438.710938,986.706055,150,
6,0.0,159310.578125,68794.53125,1214.999023,88,
6,0.0,188676.59375,25899.082031,879.005859,146,
6,0.0,179826.1875,60553.21875,4360.484863,182,
6,0.0,174553.46875,54452.984375,7780.041504,250,
6,0.0,107847.726563,73744.242188,7985.890625,49,
6,0.0,175857.8125,58476.734375,7515.043945,31,
6,0.0,162420.6875,77952.578125,1883.057129,173,
6,0.0,168653.1875,49118.734375,1887.762695,172,
6,0.0,179955.390625,51988.890625,7935.171387,60,
6,0.0,199997.265625,97489.9375,3268.113281,293,
6,0.0,109268.960938,68391.539063,6014.767578,191,
6,0.0,120915.703125,2070.32666,3669.479492,72,
6,0.0,156123.5625,91408.15625,840.994141,115,
6,0.0,183419.28125,33309.804688,1270.250977,17,
6,0.0,181967.28125,67979.320313,2036.151367,48,
6,0.0,165100.109375,90580.648438,3433.563965,154,
6,0.0,162746.765625,87267.507813,2273.40332,342,
6,0.0,194795.296875,96419.398438,6131.702148,355,
7,0.0,153228.796875,98477.421875,506.460938,348,
7,0.0,106961.757813,38693.269531,3669.620117,226,
7,0.0,177014.484375,34675.667969,713.668945,29,
7,0.0,161897.71875,60654.730469,1076.396484,4,
7,0.0,112800.515625,56917.070313,1408.860352,251,
7,0.0,160796.40625,67210.25,1102.891602,91,
7,0.0,196816.40625,95573.421875,6437.445313,287,
7,0.0,123173.679688,75460.796875,1161.30127,1,
7,0.0,197856.1875,99074.210938,3058.548828,150,
7,0.0,190851.53125,67936.25,2935.260742,104,
7,0.0,134866.5625,3691.518799,3100.828613,328,
7,0.0,121047.984375,63374.152344,516.260254,74,
7,0.0,163709.640625,86043.15625,2312.253906,249,
7,0.0,158058.53125,70689.507813,1419.523926,295,
7,0.0,121131.039063,73258.195313,1821.528809,146,
7,0.0,105602.046875,43870.625,1101.001953,49,
7,0.0,114720.101563,78272.507813,3724.743652,190,
7,0.0,192023.59375,89608.546875,7454.644043,129,
7,0.0,110819.398438,89494.726563,668.961914,289,
7,0.0,167933.34375,64220.121094,6148.834961,66,
7,0.0,104497.671875,62315.917969,3075.358398,246,
7,0.0,179121.71875,53585.472656,7668.639648,302,
7,0.0,192125.09375,70424.953125,3243.674316,68,
7,0.0,171203.421875,53342.449219,4935.231445,19,
8,0.0,171554.109375,54825.207031,5688.670898,106,
8,0.0,115132.320313,9533.347656,3125.277344,65,
8,0.0,114707.796875,83631.359375,1844.948242,253,
8,0.0,175685.53125,55492.757813,7711.074707,244,
8,0.0,108718.304688,56514.078125,1417.438965,314,
8,0.0,189350.3125,66232.0,1525.880371,85,
8,0.0,131421.15625,10816.150391,7448.474121,208,
8,0.0,127212.8125,18577.568359,4226.817871,321,
8,0.0,125711.601563,23751.847656,3756.434082,124,
8,0.0,171052.6875,45390.300781,1648.220703,243,
8,0.0,118337.789063,78755.476563,2433.530762,123,
8,0.0,167093.53125,76377.523438,5690.058594,310,
8,0.0,101996.664063,64300.109375,2871.899414,144,
8,0.0,183542.3125,99750.992188,2817.822754,255,
8,0.0,156406.578125,99341.851563,535.155273,290,
8,0.0,111871.484375,16590.300781,3427.343262,116,
8,0.0,111653.0625,59685.707031,2247.633789,318,
8,0.0,182813.25,63518.738281,1481.026367,230,
8,0.0,163694.25,56471.011719,1191.680176,333,
8,0.0,187347.65625,87372.101563,7035.283203,172,
8,0.0,108299.9375,32288.484375,5208.048828,120,
9,0.0,193401.75,66148.945313,2009.628906,27,
9,0.0,109650.414063,16448.792969,3348.422363,271,
9,0.0,139810.125,13117.196289,596.393555,36,
9,0.0,197416.28125,91395.851563,7371.769043,245,
9,0.0,159190.59375,59528.816406,663.014648,256,
9,0.0,180481.4375,36653.707031,1391.09668,197,
9,0.0,181278.1875,63921.726563,2096.291016,332,
9,0.0,188879.640625,54677.550781,678.664063,277,
9,0.0,109671.953125,80318.226563,4517.811035,102,
9,0.0,199474.296875,95579.570313,5232.467773,355,
9,0.0,101495.234375,89996.15625,5045.891602,306,
9,0.0,105248.28125,28720.017578,6018.337891,57,
9,0.0,139130.265625,1405.853394,487.785156,17,
9,0.0,116944.242188,71215.554688,2232.498535,102,
9,0.0,182533.3125,61014.65625,2023.479004,79,
9,0.0,101239.90625,35887.71875,2051.226074,354,
9,0.0,191826.703125,38810.167969,6907.802246,34,
9,0.0,110496.390625,70834.09375,6679.422852,278,
9,0.0,136346.25,6029.480957,1780.641602,38,
9,0.0,114298.65625,88876.390625,768.019043,107,
9,0.0,162106.90625,82194.742188,1524.040039,155,
9,0.0,192288.15625,96533.21875,4473.251953,299,
9,0.0,177937.375,65161.460938,4717.022949,95,
9,0.0,195238.28125,90186.882813,7776.246094,219,
9,0.0,178792.5625,49269.472656,7359.166016,15,
9,0.0,141920.4375,8192.095703,517.470703,326,
10,0.0,108296.859375,83760.5625,3595.255859,257,
10,0.0,108478.359375,81096.515625,4572.855957,157,
10,0.0,101439.859375,65143.003906,2891.647461,9,
10,0.0,110594.828125,21964.537109,7096.098633,231,
10,0.0,101655.203125,73448.921875,7348.07666,360,
10,0.0,109398.164063,65130.699219,4251.941406,138,
10,0.0,117291.859375,2227.216309,2341.976074,275,
10,0.0,121549.414063,40529.800781,1602.935547,330,
10,0.0,194287.71875,94712.070313,6096.457031,314,
10,0.0,191248.359375,70880.242188,2853.73877,337,
10,0.0,117907.117188,70686.4375,2261.987793,148,
10,0.0,162546.8125,62072.886719,1420.045898,242,
10,0.0,120792.648438,82991.5,958.490234,166,
10,0.0,110887.078125,67877.804688,4647.291504,343,
10,0.0,125622.390625,34072.71875,587.682617,17,
10,0.0,170886.5625,57489.253906,6101.920898,267,
10,0.0,186169.453125,31796.283203,1297.291504,89,
10,0.0,104673.015625,80518.179688,7395.149414,257,
10,0.0,114467.851563,19574.279297,6613.238281,90,
10,0.0,157990.859375,86692.242188,1252.540039,89,
10,0.0,120054.34375,88273.445313,477.290527,283,
10,0.0,113864.898438,51813.542969,781.566406,102,
10,0.0,200049.5625,99658.703125,2523.739258,197,
10,0.0,178331.125,39754.582031,1695.202148,274,
11,0.0,179838.5,44864.261719,7024.786621,335,
11,0.0,153591.796875,71206.328125,845.750488,9,
11,0.0,159365.9375,60196.371094,661.719238,348,
11,0.0,164349.5,77478.835938,1981.114746,320,
11,0.0,105980.429688,78029.476563,7628.973145,36,
11,0.0,176048.53125,38105.703125,868.611816,204,
11,0.0,170283.625,92558.679688,3613.101563,4,
11,0.0,102027.429688,60682.417969,1259.930664,156,
11,0.0,114803.164063,73049.007813,3792.104004,31,
11,0.0,107143.257813,89943.859375,1237.673828,203,
11,0.0,152029.046875,76460.585938,825.197266,63,
11,0.0,190599.28125,44805.808594,6884.80957,228,
11,0.0,179121.71875,43283.058594,4501.460449,62,
11,0.0,197757.75,21263.148438,954.633301,53,
11,0.0,192592.6875,27695.619141,1019.47168,118,
11,0.0,168631.65625,89024.054688,3881.567871,35,
11,0.0,175639.390625,34404.957031,589.359863,31,
11,0.0,189562.5625,91377.398438,5538.057617,259,
11,0.0,173556.765625,83880.539063,7480.558594,96,
11,0.0,174288.90625,42840.078125,1761.675781,81,
12,0.0,125188.632813,20746.337891,5060.108398,342,
12,0.0,126668.320313,39517.707031,484.745605,214,
12,0.0,116959.625,71969.242188,2302.179688,329,
12,0.0,158009.3125,62039.050781,575.969727,1,
12,0.0,122423.070313,72812.132813,1505.19873,356,
12,0.0,156569.625,58264.472656,497.64209,134,
12,0.0,153739.453125,70523.390625,731.784668,185,
12,0.0,165573.84375,51693.574219,1162.227051,263,
12,0.0,190700.78125,36112.285156,6428.611328,240,
12,0.0,120583.46875,74224.140625,2032.45752,26,
12,0.0,163174.375,69702.03125,1786.222168,283,
12,0.0,201316.984375,40560.5625,4275.97998,125,
12,0.0,194432.3125,24376.330078,883.573242,126,
12,0.0,158769.15625,94398.289063,1406.367188,186,
12,0.0,109422.773438,20327.964844,5063.144043,117,
12,0.0,109330.484375,36429.140625,4242.793457,325,
12,0.0,192392.734375,21866.095703,625.753906,255,
12,0.0,119715.953125,82151.671875,1204.15625,282,
12,0.0,112858.960938,76399.0625,5198.277344,123,
12,0.0,109828.84375,72879.8125,7774.893555,295,
12,0.0,168274.8125,45553.34375,879.779297,277,
12,0.0,196247.296875,40157.574219,5866.214844,20,
12,0.0,101710.578125,60313.265625,1090.482422,142,
12,0.0,115298.4375,17799.273438,5304.243164,162,
12,0.0,199200.515625,36850.585938,6058.68457,279,
12,0.0,101784.40625,19045.162109,800.29834,245,
13,0.0,172883.0625,43596.839844,1570.930664,6,
13,0.0,182481.0,62035.972656,1821.128906,36,
13,0.0,116811.960938,61119.246094,1581.913574,311,
13,0.0,184363.6875,71892.328125,4044.337158,25,
13,0.0,190396.25,51816.621094,2050.104492,106,
13,0.0,156634.21875,99852.507813,534.895508,185,
13,0.0,200178.765625,20567.912109,1048.115234,217,
13,0.0,130393.679688,13892.416016,6132.553711,167,
13,0.0,163457.375,90694.46875,2990.769531,227,
13,0.0,114301.726563,87104.460938,1042.886719,198,
13,0.0,123472.078125,71012.523438,743.245605,189,
13,0.0,180785.984375,44061.355469,7024.02832,62,
13,0.0,172999.96875,38837.855469,718.849121,76,
13,0.0,189245.71875,34964.835938,4703.17334,246,
13,0.0,110068.789063,29784.40625,7513.293457,326,
13,0.0,118651.570313,67982.398438,1389.228027,132,
13,0.0,114763.171875,32617.644531,7176.009277,194,
13,0.0,180881.34375,47946.679688,7997.09375,346,
13,0.0,156984.90625,96874.6875,580.330566,315,
13,0.0,127686.5625,27987.865234,1390.679199,15,
13,0.0,109284.34375,85443.28125,1933.866211,323,
13,0.0,105248.28125,70034.265625,7254.361816,125,
13,0.0,167871.8125,95773.382813,2366.598145,109,
13,0.0,190605.421875,73353.5625,4861.76416,301,
13,0.0,173775.1875,45750.226563,2608.253906,49,
13,0.0,106691.046875,40742.0625,3092.057129,122,
13,0.0,188790.4375,66905.703125,2077.195313,219,
13,0.0,176137.75,56314.121094,7693.412598,331,
14,0.0,124831.789063,6524.759766,7755.146484,126,
14,0.0,130227.5625,13904.720703,6254.550781,151,
14,0.0,187876.78125,95591.882813,2978.827637,196,
14,0.0,175830.125,87516.6875,5001.351563,20,
14,0.0,162482.203125,66601.148438,1461.685547,272,
14,0.0,123622.8125,78340.1875,673.741699,204,
14,0.0,175104.125,61974.449219,7605.008789,316,
14,0.0,133925.21875,3171.630127,4036.50708,355,
14,0.0,102341.210938,67194.867188,4309.069336,11,
14,0.0,104448.453125,26080.582031,6247.060547,234,
14,0.0,184757.4375,91688.101563,2410.223633,272,
14,0.0,176848.375,84892.625,7378.786133,209,
14,0.0,161073.28125,79893.695313,1743.98584,10,
14,0.0,117528.734375,68133.132813,1576.169922,322,
14,0.0,158861.4375,96523.992188,942.862793,236,
14,0.0,199172.828125,15322.878906,563.917969,326,
14,0.0,175697.84375,89577.78125,3841.15625,83,
14,0.0,199305.09375,19983.421875,1100.639648,40,
14,0.0,165638.453125,63617.175781,3844.446777,270,
14,0.0,176331.5625,84864.945313,7193.683594,299,
14,0.0,106752.578125,43793.71875,1288.389648,16,
14,0.0,197053.28125,30095.109375,2881.316406,250,
15,0.0,130104.507813,28009.400391,487.175781,17,
15,0.0,159276.734375,71609.3125,1560.736328,173,
15,0.0,156148.171875,99384.921875,535.163086,74,
15,0.0,184468.28125,58172.183594,1417.17041,300,
15,0.0,127431.234375,28455.458984,1374.546387,57,
15,0.0,162952.875,77617.257813,1836.546875,251,
15,0.0,162712.921875,55351.25,927.992676,106,
15,0.0,196345.734375,68428.460938,1285.820801,0,
15,0.0,158040.078125,56889.382813,632.032227,108,
15,0.0,117239.5625,81493.359375,2138.595215,65,
15,0.0,177949.671875,96373.257813,3166.520508,2,
15,0.0,191448.3125,25529.927734,879.838867,159,
15,0.0,115181.539063,37096.6875,4061.595215,322,
15,0.0,201400.03125,34851.015625,6826.218262,256,
15,0.0,177475.921875,43003.121094,2734.841309,143,
15,0.0,131753.390625,2494.851563,6638.148438,56,
15,0.0,158332.3125,99006.539063,509.716797,223,
15,0.0,186184.84375,74030.335938,6816.524414,180,
15,0.0,166093.75,71960.007813,4828.825684,331,
15,0.0,119835.9375,32239.265625,5010.116211,265,
15,0.0,179866.1875,68625.335938,3238.413086,2,
15,0.0,103968.554688,92857.085938,1711.089844,176,
16,0.0,181567.359375,95447.296875,3326.265625,324,
16,0.0,117353.382813,63995.554688,1332.217285,75,
16,0.0,185920.28125,56754.023438,1292.194336,84,
16,0.0,165789.1875,55234.355469,1975.331543,191,
16,0.0,175005.6875,48217.390625,4305.379395,262,
16,0.0,103762.445313,81736.382813,6652.135742,213,
16,0.0,167804.140625,42612.433594,676.695313,104,
16,0.0,180136.890625,36410.683594,1278.978027,163,
16,0.0,200754.03125,32085.451172,6064.354492,213,
16,0.0,191469.859375,40465.199219,7484.077148,9,
16,0.0,106512.625,41581.882813,2835.931152,14,
16,0.0,119968.210938,38434.863281,2369.474121,47,
16,0.0,173064.5625,53176.328125,6489.96582,323,
16,0.0,171975.5625,85197.179688,5176.875,91,
16,0.0,200120.3125,18771.373047,1104.018066,51,
16,0.0,168274.8125,91866.523438,3612.89502,221,
16,0.0,108386.070313,27640.248047,7660.481934,301,
16,0.0,111173.171875,77269.640625,6273.731445,339,
16,0.0,127560.4375,14363.084961,7225.921387,170,
16,0.0,197004.0625,28150.908203,1148.672363,313,
16,0.0,140600.71875,7140.012695,733.754395,119,
16,0.0,122733.773438,20592.521484,6972.899902,319,
16,0.0,165973.765625,90974.40625,3682.709473,247,
16,0.0,107564.710938,61817.558594,3227.334961,353,
16,0.0,101775.179688,43335.355469,1176.826172,169,
16,0.0,106266.523438,30119.71875,5679.092773,188,
17,0.0,134155.953125,12717.282227,2478.844727,187,
17,0.0,176002.390625,63392.609375,6867.54541,11,
17,0.0,126049.984375,2713.266357,7823.152344,120,
17,0.0,118999.1875,72978.257813,2136.958496,288,
17,0.0,104414.609375,87950.4375,4029.968018,235,
17,0.0,152736.59375,72695.234375,686.385254,27,
17,0.0,120472.71875,26508.181641,7862.393066,340,
17,0.0,122687.632813,79121.554688,1057.270508,272,
17,0.0,121546.335938,3882.247559,3691.507813,319,
17,0.0,121530.953125,55932.664063,497.196289,87,
17,0.0,105774.320313,67004.140625,5950.269531,307,
17,0.0,170225.15625,63497.203125,7516.506836,26,
17,0.0,153256.484375,79906.0,963.16748,283,
17,0.0,124607.21875,14938.347656,7644.373535,105,
17,0.0,124047.34375,24966.972656,4673.383301,83,
17,0.0,110496.390625,84443.492188,2161.331055,105,
17,0.0,124754.882813,14313.865234,7920.212402,358,
17,0.0,114587.820313,19377.398438,6500.695801,109,
17,0.0,130925.875,11452.9375,7723.973145,154,
17,0.0,176448.453125,69471.3125,6751.194824,127,
18,0.0,164306.4375,61426.875,2188.539551,273,
18,0.0,178663.359375,57710.746094,5975.661133,176,
18,0.0,187652.21875,50090.835938,6192.164063,76,
18,0.0,126763.6875,5152.745117,7851.183105,63,
18,0.0,178143.46875,69495.921875,5005.270508,292,
18,0.0,123373.640625,15722.793945,7305.191406,35,
18,0.0,152841.1875,74390.257813,784.30957,344,
18,0.0,165764.578125,96926.976563,1734.356445,105,
18,0.0,115735.265625,64229.351563,1754.57373,218,
18,0.0,165343.125,84178.9375,2127.966309,132,
18,0.0,178417.25,33365.179688,758.404785,274,
18,0.0,174132.03125,36752.144531,681.028809,360,
18,0.0,183662.296875,27987.865234,715.148438,259,
18,0.0,160605.6875,59854.902344,769.723633,163,
18,0.0,158704.546875,66933.390625,1033.333008,42,
18,0.0,194623.03125,73522.75,6250.035156,95,
18,0.0,110773.25,67114.890625,4421.867188,192,
18,0.0,169059.265625,81096.515625,5967.482422,321,
18,0.0,154099.375,99960.179688,496.695313,35,
18,0.0,110222.601563,78118.695313,5879.369141,143,
18,0.0,105377.484375,85406.367188,3734.205078,174,
18,0.0,184815.90625,48940.3125,7920.647461,125,
18,0.0,121795.515625,68760.6875,1063.945313,233,
18,0.0,199465.0625,20294.125,1086.320313,264,
18,0.0,121374.0625,67397.90625,891.665527,292,
18,0.0,195395.171875,25130.015625,877.709473,189,
18,0.0,158175.4375,70403.421875,1418.518555,310,
19,0.0,157855.5,60860.839844,567.504883,262,
19,0.0,132568.59375,17467.037109,616.089844,25,
19,0.0,188270.53125,48451.183594,6886.643555,328,
19,0.0,195475.15625,35533.945313,7022.621094,126,
19,0.0,139757.828125,4334.458496,676.048828,235,
19,0.0,154773.078125,94315.234375,583.446289,40,
19,0.0,185880.28125,56234.140625,1795.958496,321,
19,0.0,181678.09375,37333.558594,1713.313477,51,
19,0.0,180967.484375,86267.71875,7304.288574,72,
19,0.0,112680.539063,41846.441406,2771.837891,183,
19,0.0,109404.3125,32879.128906,5222.256836,69,
19,0.0,168096.390625,68763.765625,6619.985352,75,
19,0.0,128024.953125,14138.516602,7187.739746,343,
19,0.0,175159.5,83708.265625,7821.79834,115,
19,0.0,120931.085938,68963.726563,1295.138672,107,
19,0.0,118445.460938,54791.367188,877.351074,346,
19,0.0,192654.21875,32826.832031,5080.682617,153,
19,0.0,200086.46875,17977.697266,1057.293945,245,
19,0.0,105509.765625,60482.460938,2188.496582,248,
19,0.0,183631.53125,50269.257813,7612.162109,343,
19,0.0,161990.0,64610.808594,1327.716797,12,
19,0.0,105180.601563,39668.445313,3071.391602,149,
19,0.0,103531.726563,98692.757813,624.585449,130,
20,0.0,137773.640625,1227.430054,921.786621,11,
20,0.0,165321.59375,83074.554688,1879.563965,98,
20,0.0,155283.75,78238.664063,1121.531738,135,
20,0.0,165813.796875,71640.078125,4471.341309,113,
20,0.0,127302.03125,27286.476563,1699.270508,118,
20,0.0,121927.796875,31451.742188,3520.484375,36,
20,0.0,155957.4375,67865.5,611.430664,28,
20,0.0,177346.71875,39530.015625,1431.535645,117,
20,0.0,121051.054688,84708.054688,774.091797,167,
20,0.0,161562.40625,92604.828125,2294.623047,156,
20,0.0,128452.554688,14055.458984,7128.550293,355,
20,0.0,158043.15625,67484.046875,956.987793,121,
20,0.0,196290.375,68976.03125,1569.144531,33,
20,0.0,118722.328125,33829.695313,4740.833496,55,
20,0.0,110702.5,30212.005859,7594.229492,184,
20,0.0,125050.203125,26231.316406,3417.857422,306,
20,0.0,106571.078125,77168.125,7635.749023,111,
20,0.0,152078.265625,95022.773438,489.226563,355,
20,0.0,173972.0625,41984.875,1300.111816,269,
20,0.0,186338.640625,93626.148438,2873.224609,356,
20,0.0,118989.960938,30685.751953,6913.614746,159,
20,0.0,163229.734375,76085.28125,1814.644531,97,
20,0.0,117857.890625,55997.261719,1001.111816,99,
21,0.0,103002.609375,80958.085938,7094.516602,151,
21,0.0,123253.664063,77386.539063,977.100098,266,
21,0.0,197308.609375,24256.355469,863.509277,105,
21,0.0,113827.984375,85689.382813,1518.288086,201,
21,0.0,126342.234375,36539.882813,549.564453,36,
21,0.0,151936.765625,75571.546875,766.375,49,
21,0.0,170360.515625,87181.375,3504.40918,306,
21,0.0,119715.953125,56950.90625,897.204102,175,
21,0.0,104648.40625,37069.003906,3133.587891,307,
21,0.0,184886.65625,97751.414063,2293.112793,274,
21,0.0,199175.90625,21930.699219,974.596191,171,
21,0.0,185957.1875,87713.570313,6163.97168,166,
21,0.0,125416.28125,5023.541992,7083.230469,210,
21,0.0,178346.5,88433.414063,4580.065918,148,
21,0.0,177279.03125,63407.988281,6226.370117,332,
21,0.0,103799.359375,36435.292969,2804.006836,330,
21,0.0,190171.671875,33718.949219,4289.562012,217,
21,0.0,158067.765625,93404.65625,1241.522461,271,
21,0.0,173605.984375,59251.953125,7664.126953,89,
21,0.0,190863.828125,47103.78125,5831.992188,121,
21,0.0,169228.46875,86996.796875,3514.663574,64,
21,0.0,116833.5,53650.070313,903.900391,79,
22,0.0,184760.515625,92949.367188,2110.277344,318,
22,0.0,185305.015625,66348.898438,2360.618164,205,
22,0.0,168244.0625,88756.421875,3898.212402,271,
22,0.0,111207.007813,82893.054688,2952.63916,174,
22,0.0,187809.09375,38333.347656,7122.943359,341,
22,0.0,106894.085938,40828.199219,3117.486816,253,
22,0.0,126634.476563,14621.491211,7382.481445,257,
22,0.0,156308.140625,94216.796875,827.28418,197,
22,0.0,167828.75,79995.210938,5198.353516,350,
22,0.0,119146.851563,7284.597168,3665.792969,91,
22,0.0,157858.578125,98821.960938,536.15332,100,
22,0.0,169443.796875,64007.859375,7222.918945,316,
22,0.0,107583.164063,25859.091797,7413.612305,324,
22,0.0,125668.53125,20829.394531,4544.850098,152,
22,0.0,121687.84375,29055.330078,5448.544922,296,
22,0.0,113806.453125,89445.5,651.410645,102,
22,0.0,104811.453125,35955.394531,3054.010254,116,
22,0.0,193195.640625,71387.828125,3308.848145,24,
22,0.0,176673.015625,66161.25,6157.984375,16,
22,0.0,118340.867188,42061.78125,1847.716797,82,
22,0.0,192638.84375,28966.117188,1308.024902,247,
23,0.0,120801.875,39680.75,1943.600098,16,
23,1.0,178583.375,57787.65625,6004.262695,83,
23,0.0,103248.710938,59187.355469,1089.95752,244,
23,1.0,164306.4375,76023.757813,2331.205566,64,
23,1.0,129246.234375,3916.086182,7976.144043,33,
23,0.0,108084.59375,62119.039063,3443.796875,277,
23,0.0,126274.554688,29129.160156,1648.241211,225,
23,0.0,102799.570313,66548.859375,4147.553711,21,
23,1.0,166896.65625,91854.21875,3665.82373,7,
23,1.0,162986.71875,95358.085938,2125.297852,10,
23,1.0,187550.6875,88371.890625,6674.83252,271,
23,0.0,101605.984375,64641.570313,2808.873047,338,
23,0.0,119663.664063,36066.136719,3020.645996,259,
23,1.0,117848.664063,18516.042969,6492.334961,35,
23,1.0,116338.21875,13166.417969,4123.366699,114,
23,0.0,151564.53125,77884.898438,743.453125,152,
23,0.0,161986.921875,62515.875,1303.71582,158,
23,1.0,123979.664063,42375.558594,591.696777,299,
23,1.0,103390.21875,26099.039063,5740.84668,91,
23,1.0,164903.21875,58793.59375,1942.844727,11,
23,0.0,176780.6875,90974.40625,3651.366699,292,
23,0.0,197517.796875,100535.445313,2283.641113,45,
23,0.0,165733.8125,75863.789063,3843.166504,28,
23,0.0,152890.40625,77648.023438,960.258789,270,
23,0.0,114237.125,20383.335938,7219.430664,346,
23,1.0,104082.375,95044.304688,955.086914,108,
23,1.0,110816.320313,39883.785156,3640.45166,66,
24,1.0,102941.078125,77774.148438,7973.338867,6,
24,0.0,187064.640625,54148.429688,2638.205078,268,
24,1.0,170994.234375,62226.703125,7331.149414,179,
24,0.0,169905.234375,83662.125,4898.843262,46,
24,0.0,186286.34375,93370.820313,2927.108398,96,
24,0.0,177497.46875,87252.125,5509.422852,47,
24,0.0,161719.28125,81324.164063,1502.667969,78,
24,1.0,160799.484375,58350.605469,775.931641,135,
24,0.0,101575.21875,97680.664063,1863.735352,260,
24,0.0,112019.140625,76039.132813,6288.669922,134,
24,0.0,115778.335938,17543.943359,5225.481445,167,
24,1.0,191928.21875,67262.554688,2673.329102,157,
24,1.0,111985.304688,62632.769531,2692.041016,200,
24,0.0,188218.25,97056.1875,2313.371582,259,
24,0.0,167954.875,75313.140625,6848.131348,345,
24,0.0,109450.460938,62008.289063,3301.688477,320,
24,1.0,185498.8125,70188.078125,2399.70459,292,
24,0.0,113261.953125,69508.226563,3788.642578,194,
24,1.0,179798.5,42061.78125,4460.380859,251,
24,0.0,121564.796875,65647.507813,639.222656,177,
24,1.0,137315.28125,1279.726563,1180.952637,52,
24,1.0,170446.65625,60371.71875,6492.523438,64,
24,0.0,104716.085938,85910.875,4302.786621,295,
24,0.0,123222.90625,79749.109375,687.558105,165,
24,0.0,163558.90625,91094.382813,2995.757324,165,
24,0.0,174138.171875,85061.820313,6676.559082,124,
24,1.0,169585.296875,79912.15625,6953.308594,270,
25,1.0,160294.984375,92411.023438,1983.809082,337,
25,1.0,200855.53125,40948.171875,4173.153809,285,
25,0.0,155659.046875,96779.320313,535.155273,172,
25,0.0,115138.476563,33060.628906,6841.951172,113,
25,0.0,137432.171875,0.0,1075.45459,101,
25,1.0,109908.820313,79521.46875,4833.80957,98,
25,0.0,121321.765625,32134.669922,3532.277832,236,
25,1.0,180066.140625,35884.640625,1185.120605,62,
25,0.0,113907.96875,15464.387695,3947.167969,175,
25,0.0,112603.632813,90746.765625,474.946777,118,
25,0.0,168816.234375,43489.167969,822.450684,264,
25,0.0,183059.34375,51684.34375,6846.87207,177,
25,0.0,174639.609375,47297.585938,3647.376953,3,
25,0.0,102048.960938,39154.710938,2501.396484,161,
25,0.0,115415.335938,62669.683594,2043.540527,354,
25,0.0,159732.015625,71458.578125,1400.061523,282,
25,1.0,163961.890625,90082.289063,3137.364746,85,
25,0.0,122149.28125,84065.117188,563.470703,153,
25,1.0,162955.953125,66376.585938,1704.585938,211,
25,1.0,176137.75,33829.695313,568.399902,295,
25,1.0,189448.75,28729.246094,1151.03125,11,
25,1.0,108386.070313,24542.449219,7705.21582,18,
25,1.0,157797.0625,83539.070313,1042.303223,91,
25,1.0,115135.398438,81133.429688,2820.311035,114,
25,0.0,158440.0,72486.046875,1541.843262,354,
25,0.0,156068.1875,76605.171875,1229.466309,74,
25,0.0,177651.265625,100600.039063,2488.415039,30,
26,1.0,162937.5,93736.890625,2524.158691,341,
26,1.0,184366.75,32771.460938,1260.298828,185,
26,0.0,158532.28125,59439.609375,632.765137,133,
26,1.0,155126.859375,97539.15625,535.163086,14,
26,0.0,116913.476563,77835.671875,2910.937988,29,
26,0.0,196730.28125,96077.929688,6173.260742,120,
26,0.0,123933.515625,72901.34375,734.460938,209,
26,1.0,193171.03125,27289.552734,971.42334,141,
26,0.0,198462.21875,45362.617188,512.568848,9,
26,0.0,169939.0625,42298.65625,798.143555,284,
26,1.0,197410.125,25093.099609,826.154297,125,
26,1.0,163740.40625,59916.425781,1591.178223,142,
26,1.0,169154.625,44442.808594,882.063477,248,
26,0.0,122696.859375,41477.289063,1077.796875,306,
26,1.0,110800.9375,68126.984375,4743.695801,214,
26,0.0,184375.984375,38702.5,4917.61084,326,
26,1.0,179973.84375,62885.023438,3687.362793,232,
26,1.0,105949.671875,91165.132813,1548.520508,120,
26,0.0,193389.4375,69815.851563,3685.32373,161,
26,0.0,170329.75,44513.566406,1069.397461,5,
26,0.0,184271.40625,90153.046875,3820.303223,60,
26,0.0,160931.765625,86240.03125,1685.869141,167,
26,0.0,104306.945313,29153.769531,5395.84668,54,
26,1.0,193127.96875,73301.257813,5944.464844,356,
26,1.0,105845.078125,81394.914063,6235.79248,286,
27,0.0,127505.0625,27021.916016,1655.624512,349,
27,1.0,165327.75,88051.953125,3515.888184,4,
27,0.0,120198.929688,4718.991699,3093.339355,126,
27,0.0,171224.953125,91488.148438,3810.10498,172,
27,1.0,173193.765625,91638.875,4060.184814,72,
27,1.0,187040.03125,27821.748047,1011.983398,118,
27,0.0,178140.40625,55631.191406,7176.883789,259,
27,1.0,103780.898438,20294.125,2802.902832,10,
27,1.0,160550.3125,97637.601563,823.753906,311,
27,1.0,100824.609375,100498.523438,1856.185547,303,
27,1.0,190710.03125,68828.375,3322.25,242,
27,1.0,194469.21875,28347.789063,1478.8125,234,
27,0.0,119269.898438,35626.234375,3382.773926,337,
27,0.0,108247.640625,19242.042969,4023.864746,246,
27,0.0,113932.578125,42741.636719,1852.124512,66,
27,1.0,166275.25,93783.039063,2958.97998,57,
27,1.0,134122.109375,8016.748535,3652.496582,232,
27,1.0,112978.9375,68382.3125,3446.931641,293,
27,0.0,187655.28125,55400.46875,932.48291,190,
27,0.0,177389.78125,42526.296875,2497.830078,263,
28,0.0,102233.539063,90193.03125,4493.298828,355,
28,0.0,106401.882813,27467.976563,6892.00293,337,
28,0.0,197539.328125,71655.460938,3009.326172,284,
28,0.0,118088.609375,81647.171875,1818.081055,223,
28,0.0,115369.195313,66265.84375,1851.72168,95,
28,1.0,102793.421875,30956.460938,3511.742676,264,
28,1.0,184711.296875,37410.46875,3823.658691,123,
28,0.0,101021.492188,40806.667969,2176.248047,162,
28,1.0,192017.4375,34112.710938,5295.897461,284,
28,1.0,112062.210938,76094.507813,6211.014648,197,
28,0.0,185514.203125,53434.734375,4580.611816,322,
28,0.0,180742.90625,91094.382813,3275.744629,103,
28,1.0,197868.5,26403.587891,887.863281,54,
28,1.0,191568.296875,94321.382813,4246.737793,330,
28,0.0,176633.03125,48315.832031,5685.088867,205,
28,1.0,123462.851563,15725.871094,7311.416504,214,
28,1.0,113225.039063,17433.197266,3532.788086,24,
28,0.0,102021.28125,44058.28125,715.6875,211,
28,1.0,108918.265625,44519.71875,743.354492,118,
28,0.0,175322.53125,91325.101563,3810.633301,281,
28,1.0,115104.640625,37013.628906,4095.504639,22,
28,0.0,133808.328125,10720.786133,3934.440186,168,
28,0.0,194681.46875,20777.099609,675.919922,261,
29,1.0,100867.679688,74239.523438,7037.95166,44,
29,0.0,106420.335938,93998.375,614.599121,141,
29,1.0,123336.71875,24028.710938,5890.803711,51,
29,0.0,184702.0625,40237.558594,7129.505859,14,
29,1.0,180902.875,68126.984375,2503.579102,322,
29,0.0,115267.679688,13390.984375,3852.041504,208,
29,0.0,192598.84375,43375.347656,6628.71582,101,
29,1.0,158292.328125,56532.535156,650.042969,130,
29,0.0,117451.828125,74870.15625,2529.153809,11,
29,0.0,114117.15625,67336.382813,2578.465332,338,
29,1.0,115732.195313,77746.46875,3312.667969,356,
29,1.0,167044.3125,88731.8125,3988.400146,356,
29,1.0,122813.757813,17703.910156,6694.221191,291,
29,1.0,165706.125,80530.484375,2367.577148,103,
29,0.0,158172.359375,63832.511719,760.544922,327,
29,1.0,120266.609375,3574.620605,3141.034668,86,
29,0.0,165383.125,88055.03125,3537.260254,162,
29,1.0,131110.453125,14218.500977,5321.260742,57,
29,0.0,154320.875,80644.3125,983.514648,233,
29,1.0,179087.890625,90134.585938,3473.049805,286,
30,1.0,200627.90625,94542.875,4806.203613,279,
30,0.0,114166.375,87676.648438,939.379883,18,
30,0.0,104113.140625,99424.90625,475.283691,156,
30,1.0,182004.1875,74433.328125,7880.098633,163,
30,0.0,183240.84375,27326.470703,641.066406,304,
30,1.0,197342.4375,68151.59375,1055.876953,228,
30,0.0,167561.125,90500.664063,3902.133301,63,
30,1.0,109911.898438,32562.273438,5538.560059,245,
30,1.0,177220.59375,94745.90625,3446.269043,165,
30,1.0,119946.679688,79530.695313,2140.516113,32,
30,1.0,119608.289063,42864.6875,1255.721191,15,
30,1.0,110939.375,76312.929688,6945.788086,243,
30,0.0,192094.34375,42147.917969,7224.491211,167,
30,1.0,111123.945313,18940.568359,4480.304199,76,
30,1.0,198745.21875,91315.875,7218.754883,106,
30,1.0,183994.53125,26400.511719,611.631836,186,
30,0.0,115965.992188,13504.805664,4056.480225,245,
30,0.0,167730.3125,47660.585938,1058.800781,204,
30,0.0,125631.617188,38871.695313,666.539063,112,
30,1.0,115886.007813,13200.255859,3990.521973,74,
30,0.0,184539.03125,60356.335938,855.913086,106,
30,1.0,119149.921875,19349.710938,7163.685059,227,
30,1.0,181158.21875,66118.179688,2052.154785,323,
30,1.0,183425.421875,55535.824219,4478.183105,357,
30,0.0,154247.03125,90860.585938,561.773438,167,
31,0.0,200360.265625,28636.958984,2544.351074,122,
31,1.0,159181.375,54299.167969,693.284668,211,
31,0.0,189513.34375,88959.453125,7372.242188,194,
31,1.0,167782.609375,48414.269531,1253.202637,85,
31,1.0,116162.875,72658.320313,2590.197754,146,
31,0.0,173864.390625,83908.226563,7535.078125,267,
31,0.0,112585.171875,71344.75,5412.382813,280,
31,0.0,186101.78125,53825.417969,3784.920898,176,
31,1.0,164567.90625,81207.257813,1757.641113,347,
31,0.0,183985.3125,50383.082031,7429.468262,300,
31,1.0,117974.789063,76214.484375,2555.474609,132,
31,1.0,156163.5625,75420.804688,1201.137207,102,
31,0.0,151946.0,79869.085938,677.459961,250,
31,0.0,105439.007813,31168.726563,4735.028809,343,
31,1.0,193933.9375,66293.53125,2021.544434,34,
31,1.0,179057.125,62497.414063,4592.687012,43,
31,0.0,113314.25,83437.554688,2309.854004,313,
31,1.0,103217.945313,76995.851563,7843.947754,158,
31,0.0,133171.546875,16734.884766,702.052246,139,
31,1.0,182277.96875,30353.513672,835.576172,340,
31,0.0,160710.28125,71154.023438,1439.887695,329,
31,0.0,102350.4375,65841.3125,3430.29541,287,
31,0.0,199228.203125,100086.304688,2463.703125,181,
31,0.0,196496.46875,73547.367188,6785.21875,44,
32,1.0,108149.203125,35740.054688,4124.397949,275,
32,0.0,177897.375,52690.28125,7751.636719,284,
32,1.0,112862.039063,89211.703125,702.153809,181,
32,1.0,103593.25,20694.039063,3132.131348,47,
32,1.0,115427.640625,8447.425781,2727.902344,300,
32,0.0,112200.640625,62574.324219,2669.459473,261,
32,1.0,178595.6875,65444.476563,3735.672852,347,
32,1.0,151395.34375,79435.328125,562.713867,299,
32,1.0,102999.53125,33420.550781,2504.51416,295,
32,0.0,180281.46875,71880.023438,5460.443359,212,
32,0.0,182127.234375,70695.664063,3729.543457,282,
32,0.0,196813.34375,25517.623047,824.773926,173,
32,0.0,115784.492188,42793.933594,1655.312012,138,
32,1.0,166275.25,70357.273438,4900.274902,170,
32,1.0,178217.3125,92844.78125,3407.819824,321,
32,1.0,183523.859375,73436.617188,6822.695313,351,
32,0.0,122604.570313,2593.292236,4760.390137,92,
32,0.0,166988.9375,49986.242188,1326.517578,31,
32,0.0,193552.484375,36592.183594,6597.158203,299,
32,0.0,191549.84375,69760.476563,3484.206055,55,
32,1.0,164355.65625,45697.925781,701.857422,239,
32,1.0,179506.25,93093.953125,3499.317871,38,
32,0.0,183216.234375,58507.496094,2250.524414,40,
33,1.0,122976.796875,43147.703125,541.091797,287,
33,0.0,105186.757813,33312.878906,3399.526855,209,
33,0.0,187101.5625,24739.330078,542.142578,356,
33,0.0,154440.84375,96477.84375,535.163086,342,
33,1.0,164417.171875,91282.039063,3152.396973,178,
33,1.0,131913.34375,2851.698486,6375.686523,239,
33,0.0,102451.953125,89587.007813,4734.214844,358,
33,0.0,163798.84375,71670.835938,2337.994141,125,
33,0.0,139142.578125,3943.772461,744.357422,272,
33,0.0,121097.203125,10871.523438,7700.549316,318,
33,0.0,201203.15625,32645.333984,6192.205078,292,
33,1.0,192900.3125,46943.816406,3872.752441,84,
33,0.0,170723.53125,92527.921875,3691.817871,13,
33,1.0,194515.359375,67622.46875,2242.012207,143,
33,0.0,166693.625,48937.234375,983.279785,228,
33,0.0,108487.585938,89467.03125,852.710938,260,
33,1.0,157987.78125,89999.226563,1132.119141,243,
33,1.0,115113.867188,87510.53125,923.248047,236,
33,0.0,162399.140625,92509.460938,2562.599609,276,
33,0.0,112412.90625,83689.8125,2435.621582,153,
33,0.0,123927.367188,28203.203125,3705.330566,137,
33,0.0,180869.046875,30338.132813,743.413086,16,
33,1.0,196447.25,42757.015625,4646.578613,337,
33,1.0,169517.625,90199.1875,3807.008301,283,
33,0.0,170065.203125,90845.203125,3751.827637,17,
34,0.0,111376.203125,59584.195313,2295.537598,193,
34,1.0,124471.867188,33085.238281,1009.438477,45,
34,0.0,189461.0625,74131.851563,6459.291992,203,
34,1.0,119808.25,84775.734375,974.23291,226,
34,1.0,154397.78125,78392.476563,1081.733398,245,
34,1.0,112465.203125,37693.484375,4346.202148,251,
34,1.0,195462.84375,94287.546875,6634.415039,245,
34,1.0,158000.09375,77038.921875,1532.193359,48,
34,1.0,132014.875,12760.349609,5568.240234,175,
34,0.0,125431.65625,19405.083984,5649.942383,251,
34,1.0,173138.375,84748.039063,6562.863281,246,
34,1.0,200314.125,99089.59375,2617.536621,115,
34,0.0,160553.390625,93521.554688,1909.12207,181,
34,1.0,200424.875,17279.384766,1011.992676,236,
34,1.0,118999.1875,9899.422852,4647.25293,69,
34,0.0,156585.0,90795.984375,812.348633,186,
34,1.0,197560.859375,93106.257813,7522.150391,268,
34,0.0,131375.0,14775.303711,4496.76709,152,
34,1.0,107813.882813,82505.445313,4434.70166,289,
34,0.0,114621.664063,71027.898438,3426.668457,21,
34,1.0,177580.515625,71443.195313,6944.452148,52,
34,1.0,117507.203125,19549.667969,7199.317383,326,
34,0.0,115246.140625,62952.703125,2051.942383,130,
34,0.0,156274.296875,87784.320313,864.57959,319,
35,1.0,121481.734375,63112.671875,477.620117,343,
35,1.0,155551.375,70486.476563,1127.853027,288,
35,0.0,114717.023438,34789.488281,5625.241211,360,
35,1.0,182290.28125,55092.84375,5568.307617,270,
35,0.0,104036.234375,58525.953125,1127.871094,44,
35,1.0,164097.25,78715.492188,1723.255859,293,
35,1.0,199326.640625,38268.746094,5839.029297,18,
35,0.0,123022.945313,7638.367676,7950.608398,147,
35,1.0,119131.46875,37225.890625,2872.376465,123,
35,1.0,160055.03125,81437.984375,1584.952637,258,
35,0.0,112154.5,32629.949219,6526.945801,76,
35,1.0,129387.734375,20964.751953,496.485352,307,
35,1.0,193029.53125,22985.857422,787.984375,69,
35,0.0,199988.03125,30310.447266,3895.237793,118,
35,0.0,164281.8125,97320.742188,1543.389648,135,
35,1.0,186544.75,99744.84375,1654.220703,258,
35,1.0,153804.0625,97603.757813,535.163086,294,
35,1.0,113258.875,69169.835938,3603.044922,301,
35,1.0,141117.53125,12317.368164,516.909668,304,
35,1.0,108158.429688,36825.976563,4105.353516,283,
35,0.0,120844.945313,74657.890625,2057.040527,77,
35,1.0,107493.953125,15839.692383,2662.621094,317,
35,1.0,187446.09375,55385.085938,1092.949707,105,
35,0.0,166542.875,95779.53125,2165.435059,252,
35,0.0,167610.34375,67136.421875,6194.953125,263,
35,0.0,132799.3125,8078.273438,5397.117188,106,
35,0.0,162377.609375,85034.140625,1940.901367,299,
35,1.0,168207.125,42775.476563,728.406738,249,
35,1.0,162103.8125,97868.320313,971.492188,165,
36,0.0,193595.5625,24733.175781,895.015625,286,
36,1.0,164952.4375,79733.734375,1985.487793,48,
36,1.0,183366.96875,27221.876953,640.444824,73,
36,0.0,201012.4375,88845.632813,7017.654297,263,
36,0.0,175959.328125,57729.203125,7594.833496,25,
36,0.0,105352.875,31799.359375,4256.847656,109,
36,1.0,181118.21875,30833.410156,798.277344,289,
36,1.0,116630.460938,10108.609375,3860.324219,199,
36,0.0,185668.015625,89119.421875,5405.229492,82,
36,0.0,200031.09375,94392.132813,5373.594727,164,
36,0.0,112160.648438,61353.046875,2506.563965,313,
36,0.0,193374.0625,65032.257813,1162.569336,102,
36,1.0,186024.875,40228.328125,7890.982422,10,
36,0.0,110779.40625,67883.960938,4722.817383,300,
36,0.0,157067.96875,92675.585938,995.257813,342,
36,0.0,152911.9375,96610.125,522.613281,40,
36,0.0,141022.171875,10690.023438,661.580566,176,
36,1.0,190513.140625,43664.515625,7419.610352,25,
36,1.0,103002.609375,88522.625,4918.790527,149,
36,1.0,157375.59375,64592.351563,613.236328,339,
