0,1.0,156145.09375,-53250.160156,3579.071777,144,
0,0.0,106986.367188,-61672.976563,8000.0,41,
0,2.0,200972.4375,-49137.195313,4538.623535,209,
0,0.0,160045.796875,-81757.914063,4991.444336,21,
0,2.0,199123.59375,-40542.105469,2043.960449,282,
0,1.0,158910.65625,-81699.46875,4958.849609,278,
0,1.0,177706.65625,-69006.796875,6447.344238,23,
1,1.0,185212.734375,-97477.632813,5772.855469,21,
1,0.0,201304.671875,-12794.1875,1033.723633,75,
1,0.0,133660.671875,-98837.34375,4843.793945,55,
1,0.0,189338.0,-43938.300781,1686.820801,128,
1,1.0,157944.71875,-63048.066406,3299.564453,321,
1,0.0,189904.03125,-95093.523438,5826.177734,71,
1,1.0,180223.03125,-58575.175781,3486.693848,106,
1,1.0,106208.078125,-78140.226563,2406.066895,272,
1,0.0,150601.671875,-6232.515625,2479.584961,179,
1,0.0,171418.75,-41348.085938,2615.256836,224,
1,1.0,134712.75,-75279.296875,3610.994629,78,
1,1.0,132620.890625,-71753.898438,3170.373047,144,
2,0.0,192334.28125,-77617.265625,5473.267578,181,
2,1.0,162066.90625,-95019.695313,5325.678711,248,
2,1.0,137103.015625,-44713.523438,8000.0,54,
2,0.0,200104.9375,-76411.367188,5651.923828,333,
2,1.0,161294.765625,-25714.507813,3927.412598,238,
2,1.0,156837.25,-37438.152344,4585.625,119,
2,0.0,177946.59375,-97979.0625,5651.456055,145,
2,1.0,184566.71875,-10923.820313,771.637207,95,
2,0.0,189291.859375,-89833.109375,5778.213379,344,
2,1.0,150918.515625,-70286.515625,3841.178711,330,
2,0.0,172178.59375,-43261.527344,2582.339355,320,
2,0.0,135374.15625,-4682.078125,4168.204102,229,
2,1.0,165380.046875,-72369.148438,4577.050293,111,
2,0.0,141569.75,-98631.234375,5012.397461,143,
2,1.0,157123.34375,-18386.835938,4338.48291,240,
2,0.0,141123.6875,-35241.703125,7366.293457,21,
2,1.0,172836.90625,-33472.84375,2194.466309,232,
2,1.0,174722.65625,-69812.773438,4652.888672,70,
3,0.0,119186.84375,-1787.3125,1139.839355,211,
3,0.0,120752.65625,-12243.539063,6264.789063,256,
3,0.0,133679.125,-53739.285156,4514.570313,27,
3,0.0,127197.4375,-80388.976563,3698.946777,70,
3,0.0,139877.8125,-90162.273438,4789.37793,336,
3,0.0,193121.8125,-59891.816406,4671.95166,306,
3,0.0,121857.039063,-59731.851563,6255.62793,152,
3,0.0,176374.625,-72181.5,8000.0,62,
3,0.0,102885.710938,-82788.46875,1934.699219,144,
3,0.0,134697.375,-3513.09375,3191.196777,191,
3,0.0,196035.03125,-94066.054688,5881.12207,104,
3,0.0,177888.15625,-63189.574219,4044.553223,207,
3,0.0,154979.1875,-9401.070313,2533.953125,27,
3,0.0,169016.1875,-60531.679688,3484.779785,65,
3,0.0,160977.90625,-57175.476563,3239.68457,61,
3,0.0,181582.734375,-70732.578125,4900.050781,95,
3,0.0,152299.765625,-77005.085938,4484.344727,193,
3,0.0,112440.59375,-80087.5,2911.342773,78,
3,0.0,164177.21875,-21819.953125,2977.810059,352,
3,0.0,187581.46875,-6238.671875,724.043457,313,
3,0.0,173402.953125,-87353.640625,5482.749023,324,
3,0.0,146461.015625,-49574.023438,3569.28418,195,
3,0.0,118513.140625,-77042.0,2912.864258,23,
3,0.0,118691.5625,-61808.332031,3469.995117,339,
4,0.0,162669.859375,-21936.851563,3699.37793,321,
4,1.0,132131.765625,-52038.113281,4229.519531,26,
4,1.0,114557.0625,-72713.695313,2459.653809,296,
4,0.0,155243.75,-70424.953125,4029.316406,285,
4,1.0,114738.5625,-83006.875,3093.126465,341,
4,0.0,199480.453125,-53471.652344,5289.150391,251,
4,0.0,197247.09375,-25726.8125,570.90625,34,
4,1.0,171480.28125,-76042.210938,5013.72168,190,
4,1.0,101046.101563,-76589.789063,2189.133301,275,
4,0.0,186446.3125,-47054.5625,1968.615234,208,
4,1.0,200188.0,-57959.921875,6243.314453,353,
4,0.0,139874.71875,-10142.453125,4592.936523,280,
4,0.0,158593.8125,-68465.375,8000.0,223,
4,0.0,115882.929688,-58184.492188,8000.0,51,
4,0.0,151103.09375,-13231.015625,4952.896484,153,
4,0.0,102522.710938,-84071.265625,1928.364746,131,
4,0.0,181874.984375,-79155.390625,5415.045898,55,
4,1.0,122912.195313,-73267.421875,2887.507324,185,
4,1.0,185117.375,-36622.945313,529.268555,274,
4,0.0,189116.515625,-79746.039063,5541.436523,200,
5,0.0,153791.75,-9954.796875,2852.497559,351,
5,0.0,106709.507813,-90888.273438,2679.387695,337,
5,0.0,201273.90625,-71221.703125,6075.473633,149,
5,0.0,113929.5,-68194.65625,2436.119629,283,
5,0.0,106192.695313,-79195.382813,2345.246582,14,
5,0.0,154268.578125,-79635.289063,4720.340332,121,
5,0.0,160107.328125,-38742.492188,3300.76123,37,
5,0.0,163460.453125,-39111.644531,2896.672363,73,
5,0.0,125840.804688,-97133.09375,4513.421387,168,
5,0.0,156369.65625,-24068.703125,6213.318359,35,
5,0.0,176796.0625,-69945.054688,4722.283691,41,
5,0.0,134611.234375,-45965.558594,8000.0,149,
5,0.0,152564.328125,-72267.632813,4100.776367,69,
5,0.0,140972.953125,-19325.101563,6709.172363,16,
5,0.0,184923.5625,-46060.925781,1693.974609,42,
5,0.0,162602.1875,-37527.367188,2880.333008,235,
5,0.0,193450.96875,-52324.207031,3870.544434,265,
5,0.0,199797.3125,-38514.847656,1611.686523,255,
5,0.0,141000.640625,-26120.578125,6752.759766,175,
6,0.0,136767.703125,-67462.507813,2926.489258,7,
6,0.0,155942.0625,-99855.585938,5231.699219,72,
6,0.0,187024.65625,-67976.25,4741.899414,323,
6,0.0,171947.875,-55218.96875,3191.599609,138,
6,1.0,101150.695313,-78337.109375,2106.252441,4,
6,1.0,175676.3125,-85769.367188,5499.075195,95,
6,1.0,137705.96875,-22179.875,6437.458984,348,
6,1.0,169139.25,-85652.46875,5347.421875,59,
6,1.0,121586.328125,-88774.875,3912.348145,157,
6,1.0,107878.484375,-81791.75,2583.488281,280,
6,0.0,194586.109375,-38001.109375,925.748047,282,
6,0.0,108733.6875,-79589.148438,2664.049316,201,
6,1.0,189218.03125,-12197.390625,1277.856934,280,
6,0.0,112782.054688,-60866.992188,8000.0,71,
6,0.0,118666.953125,-45701.003906,8000.0,89,
6,1.0,159141.375,-96914.679688,5279.773438,159,
6,1.0,192118.953125,-58470.582031,4367.620605,270,
6,0.0,161620.84375,-12606.539063,926.522461,153,
6,1.0,169422.265625,-34032.726563,2099.654297,157,
6,1.0,114381.710938,-72855.203125,2466.955566,225,
6,0.0,142511.09375,-43965.988281,5158.344727,139,
6,0.0,134685.0625,-55169.75,2947.445313,100,
6,0.0,158446.140625,-86747.617188,5129.328125,214,
6,1.0,119863.617188,-93733.820313,4026.887451,195,
6,0.0,143310.921875,-74110.320313,3898.352051,143,
6,0.0,132347.109375,-99809.445313,4824.267578,201,
7,7.0,146257.984375,-13120.273438,5347.166016,244,
7,14.0,112662.078125,-80598.164063,2941.353027,19,
7,10.0,192608.0625,-41341.933594,1473.594238,305,
7,0.0,140994.484375,-77678.789063,4118.717285,90,
7,10.0,196219.609375,-19817.304688,1218.055664,174,
7,9.0,179906.171875,-61266.90625,3848.088379,108,
7,2.0,173550.609375,-45682.546875,2297.914551,86,
7,17.0,149297.328125,-80810.421875,4635.674805,252,
7,10.0,166902.796875,-16685.664063,968.360352,333,
7,14.0,153545.65625,-82886.90625,4868.077148,207,
7,2.0,161833.109375,-37148.988281,2757.260742,12,
7,5.0,151601.453125,-10120.914063,3374.388184,61,
7,6.0,186363.25,-49177.1875,2318.993652,87,
7,18.0,102331.976563,-68489.984375,3059.074707,63,
7,4.0,122961.421875,-73559.664063,2900.700195,319,
7,5.0,173562.90625,-72070.75,4805.017578,50,
7,15.0,167062.765625,-37062.847656,2629.789551,146,
7,3.0,127222.046875,-61796.027344,2948.450195,219,
7,17.0,120552.703125,-11083.78125,5832.921875,95,
7,19.0,122832.21875,-63792.523438,2584.134277,27,
7,5.0,171123.4375,-37065.925781,2482.353027,351,
7,14.0,185806.453125,-20654.046875,749.900879,109,
7,3.0,109545.820313,-89743.898438,2925.01416,81,
7,9.0,128778.640625,-4454.4375,3178.314941,144,
7,7.0,163808.078125,-56243.367188,8000.0,345,
8,1.0,183939.15625,-75931.46875,5296.074219,256,
8,0.0,120555.78125,-91851.140625,3994.42749,163,
8,0.0,133876.0,-45691.773438,8000.0,155,
8,0.0,123456.695313,-87501.304688,3965.160645,17,
8,1.0,181007.46875,-61020.808594,3838.06543,112,
8,1.0,153604.09375,-45479.511719,4798.865234,33,
8,0.0,197748.515625,-39603.84375,1613.865234,304,
8,1.0,147654.609375,-19485.070313,7447.288086,158,
8,0.0,133186.921875,-80468.960938,3997.734375,326,
8,1.0,156418.875,-26748.132813,6755.107422,34,
8,1.0,200649.4375,-40895.878906,2371.453125,174,
8,0.0,114803.164063,-96920.828125,3742.315918,112,
8,1.0,106088.101563,-42126.382813,5516.794922,122,
8,1.0,190140.90625,-96499.382813,5833.058594,130,
8,1.0,199677.34375,-78290.96875,5589.732422,84,
8,0.0,135518.734375,-43326.125,8000.0,22,
8,0.0,136924.59375,-66459.640625,2813.294922,9,
8,1.0,186049.46875,-40911.257813,985.421875,33,
8,0.0,193549.40625,-52434.949219,3907.377686,211,
8,1.0,103937.789063,-72304.546875,2203.665527,191,
8,1.0,137819.78125,-77328.09375,3949.145508,124,
8,1.0,121549.414063,-64798.460938,2519.882324,265,
8,1.0,196293.4375,-17519.335938,1381.642578,245,
8,0.0,142966.375,-3014.742188,1527.684082,194,
8,1.0,143861.5625,-95404.226563,5013.776367,344,
8,0.0,195665.875,-94715.148438,5882.206055,293,
8,0.0,170662.0,-50684.554688,3071.663574,354,
8,1.0,186818.546875,-100409.3125,5790.797852,211,
8,0.0,193721.6875,-70335.742188,5133.363281,107,
8,1.0,150900.0625,-49087.96875,3291.666992,183,
8,0.0,108718.304688,-63075.753906,8000.0,284,
8,0.0,157141.8125,-61429.949219,3062.758301,209,
8,1.0,157357.140625,-55880.367188,3112.420898,171,
8,1.0,128803.25,-9198.039063,5757.19043,7,
8,0.0,198526.8125,-23502.671875,749.041504,163,
8,0.0,126329.929688,-89476.265625,4240.931152,0,
8,0.0,195807.390625,-62565.09375,5373.037109,186,
8,1.0,102959.539063,-55120.53125,8000.0,168,
8,0.0,146845.546875,-87959.664063,4894.32959,320,
8,0.0,163651.1875,-52514.933594,3908.932617,160,
8,0.0,111671.523438,-92383.335938,3267.764648,327,
8,0.0,128874.0,-7343.046875,4832.22998,193,
8,1.0,103953.171875,-20389.492188,5927.954102,17,
8,1.0,162682.15625,-56960.136719,8000.0,98,
8,1.0,195262.890625,-78410.9375,5516.417969,76,
8,0.0,163906.515625,-75996.070313,4789.777832,283,
8,1.0,181247.4375,-54683.703125,2924.239746,246,
8,1.0,167358.09375,-19761.929688,1627.851563,212,
8,0.0,192678.828125,-74414.867188,5301.263672,308,
8,1.0,130692.078125,-51472.078125,5963.194336,119,
8,1.0,171348.0,-83456.015625,5337.664063,159,
8,0.0,103777.828125,-90568.34375,2338.154297,291,
8,1.0,182579.4375,-14464.601563,619.541992,305,
8,1.0,191885.15625,-49044.902344,3029.82373,345,
8,0.0,130418.289063,-56735.566406,3182.469727,205,
8,1.0,168825.46875,-99954.023438,5456.038086,238,
8,1.0,155966.671875,-5786.453125,710.288086,336,
8,0.0,201147.78125,-41661.871094,2651.816406,15,
8,0.0,105205.210938,-52822.558594,8000.0,23,
8,1.0,201436.953125,-6869.304688,681.557129,292,
8,0.0,120940.3125,-45667.164063,7102.401367,351,
8,1.0,154394.703125,-97634.523438,5209.3125,114,
8,0.0,117414.914063,-46974.582031,8000.0,288,
8,0.0,169837.5625,-77352.703125,5041.99707,327,
8,1.0,171772.53125,-55129.757813,3184.438965,242,
8,1.0,126600.640625,-74067.25,3116.467285,314,
8,0.0,166662.84375,-47011.496094,3297.260254,2,
8,0.0,150106.390625,-46260.882813,4237.827148,196,
9,13.0,198080.75,-88842.554688,5826.919922,61,
9,0.0,150121.765625,-17559.320313,6064.662109,257,
9,3.0,184582.09375,-74642.515625,5231.898438,249,
9,5.0,147808.421875,-53865.414063,2526.935059,18,
9,1.0,184702.0625,-54779.0625,3038.902832,102,
9,14.0,130153.726563,-55698.867188,3319.795898,121,
9,4.0,164672.5,-53548.558594,3709.54834,147,
9,10.0,141671.265625,-49118.738281,8000.0,49,
9,0.0,185188.125,-13240.25,907.874023,76,
9,7.0,167195.03125,-19718.859375,1658.810547,345,
9,6.0,159249.046875,-75657.679688,4622.210938,326,
9,11.0,173206.0625,-36650.628906,2421.870605,325,
9,3.0,177002.1875,-44661.226563,1973.774902,274,
9,6.0,111382.351563,-61663.746094,8000.0,2,
9,3.0,187996.75,-45688.699219,1879.222656,270,
9,14.0,186747.78125,-47922.066406,2147.194824,66,
9,18.0,149611.109375,-63897.117188,3157.974121,287,
9,2.0,178558.78125,-54449.902344,2837.919434,132,
9,12.0,166133.734375,-97625.296875,5410.325195,169,
9,1.0,175719.375,-67687.078125,4483.327148,58,
9,19.0,140154.671875,-10410.085938,4550.262207,239,
9,13.0,152521.25,-70298.828125,3906.731445,276,
9,13.0,157913.953125,-57396.964844,2977.634766,204,
9,1.0,139219.484375,-92789.40625,4854.846191,107,
9,16.0,195201.375,-23813.375,832.835449,200,
9,13.0,161202.484375,-88073.484375,5221.500977,246,
9,14.0,186923.125,-13240.25,1095.799805,218,
9,11.0,163829.609375,-57901.472656,8000.0,283,
9,4.0,138213.546875,-45565.644531,8000.0,229,
9,4.0,105186.757813,-58710.53125,8000.0,206,
9,0.0,101661.351563,-66930.3125,3481.441895,195,
9,1.0,162423.75,-23533.4375,3999.79248,152,
9,5.0,201323.140625,-22241.398438,700.361328,253,
9,9.0,189214.953125,-91765.007813,5798.13623,278,
9,1.0,128160.3125,-80392.054688,3752.48291,299,
9,15.0,157295.625,-29482.929688,6132.397461,49,
9,7.0,152711.984375,-48057.421875,3939.962402,269,
10,0.0,189371.84375,-65466.011719,4516.135742,349,
10,0.0,157154.109375,-84332.75,5022.333008,87,
10,0.0,132024.09375,-66228.921875,2687.891113,258,
10,0.0,118002.476563,-52687.203125,8000.0,30,
10,0.0,129120.101563,-52044.265625,7680.455566,316,
11,0.0,129560.007813,-80632.0,3842.647949,84,
11,1.0,124410.34375,-72027.6875,2929.82666,105,
11,1.0,145399.703125,-87076.78125,4824.857422,119,
11,1.0,192644.984375,-66207.390625,4830.911133,106,
11,0.0,156335.828125,-69775.859375,4008.761719,28,
11,0.0,174390.4375,-27957.101563,1300.247559,257,
11,0.0,116944.242188,-96847.0,3920.541504,211,
11,0.0,116055.203125,-17362.445313,5437.863281,354,
12,0.0,186833.921875,-71941.546875,5080.566406,186,
12,0.0,119559.070313,-18396.070313,7395.710938,192,
12,1.0,172117.0625,-42713.949219,2590.461426,204,
12,1.0,103836.273438,-87750.484375,2204.174805,99,
12,1.0,130553.640625,-48423.5,5816.526367,173,
12,1.0,107696.984375,-41907.96875,6477.365234,215,
12,1.0,118817.6875,-60285.578125,5536.334961,69,
13,1.0,138871.875,-73464.296875,3628.929688,201,
13,1.0,165373.890625,-80155.179688,5058.391602,152,
13,0.0,176196.1875,-25840.632813,672.224609,165,
13,1.0,200443.3125,-8127.492188,863.934082,335,
13,0.0,114264.8125,-19094.382813,5999.473633,264,
13,1.0,121152.578125,-10010.171875,5824.722656,158,
13,0.0,138641.140625,-74421.023438,3713.599121,172,
13,1.0,139819.359375,-98806.578125,4981.772461,255,
13,1.0,159602.8125,-86067.765625,5135.769531,325,
14,0.0,151561.46875,-6718.5625,2441.223145,161,
14,0.0,126102.28125,-83062.25,3841.611328,240,
14,0.0,104577.65625,-14335.398438,1466.077637,335,
14,0.0,161587.015625,-12286.601563,837.556641,245,
14,0.0,199163.59375,-15879.6875,1250.618652,192,
14,0.0,193626.3125,-66422.734375,4973.49707,202,
14,0.0,181152.0625,-100538.515625,5699.889648,94,
14,0.0,149081.984375,-65041.488281,3255.413574,35,
14,0.0,151053.875,-98535.867188,5162.833008,13,
15,0.0,130596.710938,-4765.132813,3530.008789,360,
15,0.0,160947.15625,-63447.984375,8000.0,265,
15,0.0,189559.5,-62586.628906,4295.632324,177,
15,0.0,150860.078125,-83416.023438,4817.291504,163,
15,0.0,155812.859375,-90199.1875,5154.133789,32,
15,0.0,184357.53125,-85686.304688,5656.477539,162,
15,0.0,152881.1875,-53788.503906,2640.04248,232,
15,0.0,193038.75,-62765.050781,4787.437988,328,
15,0.0,164946.296875,-44633.542969,3456.344238,248,
16,0.0,179678.53125,-37167.445313,1402.407227,260,
16,0.0,152312.0625,-12778.804688,4194.928711,277,
16,0.0,141957.359375,-30953.382813,7379.834961,131,
16,0.0,160128.859375,-91334.328125,5255.930664,344,
16,0.0,193044.90625,-47605.214844,2906.453613,203,
16,0.0,184865.125,-98975.773438,5766.012695,192,
16,0.0,140809.90625,-28544.671875,6907.273438,355,
16,0.0,164346.421875,-58246.015625,8000.0,143,
16,0.0,192125.09375,-91531.210938,5821.745117,62,
16,0.0,148131.421875,-11920.53125,4985.295898,241,
16,0.0,153757.90625,-58199.871094,2708.670898,305,
16,0.0,176033.15625,-65635.203125,4278.331543,44,
16,0.0,143006.375,-75768.421875,4038.95752,100,
16,0.0,149192.734375,-87993.507813,4951.206543,121,
16,0.0,145984.1875,-64315.488281,3026.48877,171,
16,0.0,190119.375,-42489.382813,1481.890137,274,
16,0.0,152979.625,-100415.46875,5191.098633,32,
16,0.0,161863.875,-53954.625,3559.345215,116,
16,0.0,113114.289063,-76669.773438,2811.843262,36,
16,0.0,189870.1875,-62915.785156,4347.693848,101,
16,0.0,122075.453125,-71323.21875,2750.816406,350,
16,0.0,193398.671875,-56821.703125,4473.187012,236,
16,0.0,192884.9375,-89965.390625,5810.074219,314,
16,0.0,151613.75,-45138.046875,4881.272461,177,
16,0.0,143058.65625,-34186.546875,6995.476563,339,
16,0.0,140237.71875,-72547.578125,3607.785645,49,
16,0.0,121081.820313,-89845.421875,3933.512451,150,
16,0.0,103439.4375,-90888.273438,2315.62793,186,
16,0.0,168782.40625,-21309.289063,1570.255371,13,
16,0.0,129858.40625,-99520.273438,4741.038086,69,
16,0.0,181364.3125,-53077.890625,2676.286621,52,
16,0.0,141169.84375,-33368.257813,7380.259766,307,
16,0.0,181468.921875,-91995.726563,5697.893555,198,
16,0.0,183825.34375,-15199.828125,759.118652,188,
16,0.0,188928.875,-35890.789063,481.816406,257,
16,0.0,121044.90625,-59030.464844,6552.708008,306,
16,0.0,137315.28125,-24228.671875,6349.429688,245,
16,0.0,193844.734375,-39551.550781,1189.605469,138,
16,0.0,132682.421875,-10853.0625,7130.59082,1,
16,0.0,195930.4375,-23933.351563,804.489258,193,
16,0.0,111994.53125,-2461.015625,731.094238,66,
16,0.0,176820.6875,-66198.15625,4360.60791,55,
16,0.0,177515.90625,-61325.359375,3800.125488,286,
16,0.0,155806.703125,-74184.148438,4390.402832,8,
16,0.0,103823.96875,-60454.773438,7577.515137,146,
16,0.0,170397.4375,-98603.546875,5496.029785,295,
16,0.0,113375.773438,-90266.867188,3330.021973,252,
16,0.0,173092.25,-86101.601563,5450.244141,103,
16,0.0,130950.484375,-65761.328125,2713.745117,18,
16,0.0,159688.953125,-74310.273438,4537.522949,85,
16,0.0,166275.25,-89928.476563,5366.262695,127,
16,0.0,139296.390625,-51373.636719,8000.0,99,
16,0.0,167844.140625,-53188.632813,3271.702148,62,
16,0.0,104589.960938,-78407.859375,2169.48291,249,
16,0.0,148922.03125,-72098.4375,3940.637451,92,
16,0.0,148174.5,-100504.679688,5124.900391,341,
16,0.0,102396.578125,-88716.429688,2093.029297,286,
16,0.0,174747.28125,-91242.046875,5567.259766,353,
16,0.0,172870.75,-84412.734375,5402.047852,276,
16,0.0,163746.546875,-16384.1875,1491.400391,125,
16,0.0,144587.5625,-17165.5625,6335.194336,142,
16,0.0,117544.109375,-60753.171875,4411.522949,352,
16,0.0,164352.578125,-99394.148438,5369.423828,4,
16,0.0,105254.429688,-51361.332031,8000.0,51,
16,0.0,155277.59375,-86304.640625,5044.142578,181,
16,0.0,158987.5625,-83409.875,5032.117188,98,
16,0.0,141219.0625,-77549.585938,4116.864746,295,
16,0.0,152675.0625,-35521.636719,6400.094727,47,
16,0.0,105912.75,-17931.554688,3198.92627,60,
17,0.0,101575.21875,-76519.03125,2199.682129,109,
17,0.0,145741.171875,-61574.535156,2720.455566,5,
17,1.0,133263.828125,-68754.539063,2896.700684,207,
17,0.0,104666.867188,-57803.03125,8000.0,324,
17,0.0,113652.640625,-75590.0,2745.980469,175,
17,0.0,135620.25,-68726.851563,3012.14502,307,
17,0.0,182151.84375,-12877.242188,559.217285,5,
17,1.0,150337.109375,-52847.167969,2630.651855,102,
17,1.0,116636.617188,-100630.804688,4002.275146,46,
17,0.0,161931.546875,-64700.019531,8000.0,71,
17,1.0,154117.84375,-56517.152344,2669.263184,294,
17,1.0,165389.28125,-24459.390625,2657.910156,349,
17,0.0,161596.25,-16055.03125,2170.740234,9,
17,0.0,167050.453125,-54960.5625,3352.633789,264,
17,1.0,177949.671875,-56166.460938,3083.937988,11,
17,1.0,149638.796875,-38462.546875,5303.637695,256,
17,1.0,185335.78125,-61983.679688,4034.953369,193,
17,1.0,201316.984375,-96794.703125,5977.863281,252,
17,0.0,173532.15625,-48660.371094,2433.077148,85,
17,1.0,112311.390625,-3445.421875,832.302734,23,
17,1.0,105657.421875,-58473.660156,8000.0,22,
17,1.0,191580.59375,-10686.945313,1340.433105,299,
17,0.0,188781.203125,-8785.820313,1033.376465,327,
17,1.0,132267.125,-8490.492188,5925.697266,10,
17,0.0,141237.515625,-69283.65625,3324.932129,216,
17,0.0,152536.640625,-46134.753906,4641.280273,43,
17,0.0,152773.515625,-71683.140625,4054.307617,66,
17,1.0,181493.53125,-49137.195313,2069.232422,360,
17,1.0,133719.125,-55302.03125,2751.800781,3,
17,0.0,146239.53125,-75617.6875,4157.450195,228,
17,0.0,184760.515625,-63475.667969,4217.576172,238,
17,1.0,120312.75,-55997.265625,7769.387695,114,
17,1.0,155628.28125,-12791.109375,2785.682617,111,
17,0.0,155446.78125,-96041.015625,5218.047852,254,
17,0.0,106970.992188,-62232.855469,8000.0,126,
17,0.0,152875.03125,-32190.046875,7851.766113,72,
17,0.0,144805.984375,-81370.304688,4525.782227,176,
17,1.0,129009.359375,-71246.3125,3037.199707,125,
17,1.0,116279.765625,-55428.15625,8000.0,179,
17,0.0,147448.5,-60264.046875,2648.238281,131,
17,1.0,167902.59375,-76439.046875,4934.543945,159,
17,0.0,188768.90625,-96567.054688,5817.482422,128,
17,1.0,179515.5,-100074.0,5672.763184,312,
17,1.0,122343.09375,-100473.914063,4400.444824,10,
17,0.0,126440.671875,-85221.789063,4006.006104,160,
17,0.0,140631.484375,-13215.640625,5354.576172,247,
17,0.0,190131.6875,-96117.921875,5831.884766,259,
17,0.0,134085.1875,-47755.953125,8000.0,277,
17,1.0,132993.125,-4395.984375,3608.833984,302,
17,1.0,160285.75,-87528.992188,5189.064453,172,
17,1.0,173762.875,-99923.265625,5559.541016,106,
17,1.0,125963.851563,-60454.773438,3365.669922,166,
17,0.0,120294.296875,-86842.984375,3709.67627,144,
17,1.0,155006.875,-80856.570313,4810.083496,191,
17,1.0,152693.53125,-21607.695313,6453.747559,233,
17,1.0,181979.578125,-39000.898438,1070.839844,199,
17,1.0,111210.085938,-18236.109375,4048.93042,10,
17,0.0,166619.78125,-14249.257813,499.686035,231,
17,0.0,195936.59375,-51342.875,4128.453613,338,
17,0.0,145941.125,-71732.367188,3777.844238,268,
18,0.0,197976.15625,-60300.960938,5875.262695,334,
18,1.0,149666.484375,-100513.90625,5145.722656,156,
18,0.0,192977.21875,-96610.125,5866.863281,146,
18,1.0,168231.75,-44753.511719,2914.585449,70,
18,0.0,134928.09375,-51413.628906,7976.755859,281,
18,0.0,126123.820313,-88005.8125,4151.909668,356,
18,0.0,187858.3125,-71107.882813,5028.415039,88,
18,0.0,182791.71875,-90903.65625,5709.274414,246,
18,0.0,191325.28125,-99015.765625,5852.1875,39,
18,1.0,108133.820313,-15775.09375,2047.811035,352,
18,0.0,172267.8125,-29725.953125,1935.961426,168,
