0,1.0,-79672.203125,23471.908203,1344.270508,280,
0,0.0,-66650.375,74562.53125,2535.246582,176,
0,0.0,-43667.59375,1993.420166,8000.0,91,
0,2.0,-25145.398438,64906.132813,1089.009277,238,
0,1.0,-74824.015625,20758.642578,875.13916,22,
0,0.0,-44264.390625,57652.296875,3266.539063,182,
0,2.0,-70695.664063,81145.734375,1895.706543,133,
1,1.0,-79509.164063,33454.390625,5241.182617,343,
1,1.0,-43593.757813,83794.40625,1292.894043,130,
1,0.0,-94539.796875,36053.832031,817.128418,97,
1,1.0,-2104.164063,53200.9375,4483.30127,331,
1,0.0,-17796.195313,71846.1875,8000.0,275,
1,1.0,-58947.40625,41258.875,7922.478027,139,
1,1.0,-76626.703125,45162.65625,4860.335449,5,
1,1.0,-3147.023438,19543.515625,1995.209473,331,
1,0.0,-5469.601563,23791.837891,1212.527344,16,
1,0.0,-71286.304688,66850.335938,1689.642578,45,
2,0.0,-23265.796875,86950.65625,8000.0,347,
2,1.0,-76472.890625,23330.400391,1252.311523,93,
2,1.0,-30824.1875,43744.496094,510.302734,183,
2,0.0,-393.765625,54760.605469,2401.270996,345,
2,1.0,-76740.523438,22204.486328,864.796875,114,
2,0.0,-83945.140625,72898.265625,767.759766,33,
2,1.0,-1787.3125,62848.109375,858.710938,126,
2,0.0,-62586.628906,4537.492188,2325.478027,279,
2,0.0,-66871.859375,83471.398438,1583.272949,315,
2,0.0,-65761.328125,52594.914063,7561.649414,221,
2,0.0,-52957.914063,52462.632813,7579.32959,142,
2,1.0,-79299.976563,13720.145508,735.462891,90,
2,1.0,-12658.828125,21804.572266,1792.303711,288,
2,1.0,-59276.5625,6186.370605,8000.0,54,
2,0.0,-45857.894531,68997.5625,1883.391113,91,
2,1.0,-89119.421875,36530.65625,2034.672363,134,
2,0.0,-41301.945313,76485.195313,3018.306641,298,
2,1.0,-90011.539063,40382.140625,1482.810547,256,
3,0.0,-48835.71875,7816.791504,8000.0,336,
3,0.0,-57849.179688,93558.46875,874.362305,200,
3,0.0,-17380.898438,97034.648438,1050.490723,285,
3,0.0,-20204.914063,75602.304688,8000.0,160,
3,0.0,-57904.550781,13271.010742,8000.0,290,
3,0.0,-62282.078125,71289.382813,2086.834473,245,
3,0.0,-50453.835938,97496.085938,2165.885742,58,
3,0.0,-31968.554688,80616.617188,8000.0,309,
3,0.0,-89177.867188,33066.78125,2421.073242,350,
3,0.0,-64899.976563,71953.851563,2348.009766,204,
3,0.0,-51370.5625,44052.128906,7829.910156,183,
3,0.0,-20192.609375,97665.28125,1274.043945,109,
3,0.0,-58082.972656,5404.999023,8000.0,109,
3,0.0,-84465.03125,27000.382813,2476.429199,181,
3,0.0,-55197.4375,100520.0625,3136.329102,338,
3,0.0,-78647.8125,10157.830078,831.291504,76,
3,0.0,-23751.851563,98132.875,1412.024414,253,
3,0.0,-10179.367188,15676.649414,1921.763672,261,
3,0.0,-69339.03125,78853.921875,2315.795898,72,
3,0.0,-18402.21875,26717.367188,1215.408691,42,
3,0.0,-60802.394531,40425.210938,7152.303223,128,
3,0.0,-63580.261719,39305.445313,6570.594727,124,
4,0.0,-81847.125,63254.175781,716.608887,209,
4,1.0,-31011.835938,94241.40625,6328.928223,86,
4,0.0,-31950.09375,9856.355469,3593.221191,280,
4,0.0,-81293.398438,66207.390625,941.241211,274,
4,1.0,-6706.257813,60780.859375,1490.40918,13,
4,1.0,-51219.824219,48934.160156,6736.364258,141,
4,0.0,-36361.464844,54563.726563,1430.271484,86,
4,1.0,-68680.710938,79484.554688,2105.096191,336,
4,1.0,-76589.789063,71818.5,2335.714355,241,
4,1.0,-57849.179688,12083.572266,8000.0,326,
4,1.0,-66690.367188,38419.480469,6310.706055,274,
4,1.0,-29092.25,56197.21875,1773.919434,274,
4,1.0,-50835.289063,19552.744141,8000.0,209,
4,0.0,-18159.195313,6038.709961,3908.290527,341,
4,0.0,-62946.546875,62257.464844,2536.705566,129,
4,1.0,-87369.023438,50524.589844,807.503906,281,
4,0.0,-20777.101563,79253.835938,8000.0,341,
4,1.0,-11775.945313,33408.246094,1642.032227,171,
4,0.0,-10594.664063,98215.9375,816.142578,142,
4,0.0,-61577.613281,86836.828125,4855.915039,105,
4,1.0,-55262.035156,69991.203125,2061.307129,244,
4,1.0,-58270.625,17467.037109,8000.0,289,
5,0.0,-58547.492188,50312.324219,8000.0,213,
5,0.0,-59048.921875,85772.445313,1723.80957,335,
5,0.0,-23807.21875,46630.039063,1619.19873,58,
5,0.0,-62411.28125,84846.484375,5977.712891,104,
5,0.0,-94090.664063,29046.101563,691.008789,288,
5,0.0,-27037.296875,6269.429688,2626.855957,157,
5,0.0,-5964.875,88448.789063,1216.23584,121,
5,0.0,-52299.59375,31993.164063,5000.237305,149,
5,0.0,-76688.226563,72363.0,2419.04248,59,
5,0.0,-79183.078125,69277.507813,1380.434082,218,
6,0.0,-73581.203125,79026.1875,2485.171875,224,
6,1.0,-37890.363281,22518.265625,8000.0,94,
6,0.0,-88381.117188,36985.945313,2223.652832,145,
6,1.0,-70855.625,47479.085938,4807.328613,15,
6,1.0,-59648.792969,98818.882813,2032.759277,179,
6,0.0,-84526.554688,47097.628906,2446.185059,269,
6,0.0,-49414.058594,95164.28125,1192.499023,324,
6,1.0,-51764.324219,4152.958984,8000.0,255,
6,1.0,-53890.023438,69985.046875,2003.875488,250,
6,1.0,-44695.066406,20201.835938,8000.0,209,
6,1.0,-8598.164063,92595.59375,1728.570801,116,
6,1.0,-80112.109375,49915.488281,2910.162598,200,
6,0.0,-11532.921875,65176.84375,1248.294922,130,
6,1.0,-54785.21875,2940.910156,8000.0,287,
6,0.0,-66462.71875,23071.994141,4451.865723,14,
6,1.0,-45919.417969,40403.671875,3137.893066,219,
6,0.0,-24274.8125,59556.503906,570.465332,179,
6,0.0,-27194.1875,89134.804688,6675.835938,304,
6,0.0,-87984.28125,35214.015625,2586.185059,75,
6,1.0,-22450.585938,85849.351563,8000.0,127,
7,16.0,-45433.371094,23302.712891,8000.0,78,
7,16.0,-23447.296875,86095.445313,8000.0,288,
7,11.0,-17085.578125,14698.398438,2198.260742,96,
7,16.0,-10668.492188,84234.3125,3666.546387,348,
7,0.0,-56504.847656,87962.742188,797.093262,43,
7,19.0,-13809.359375,90211.492188,3295.685059,18,
7,1.0,-11286.820313,84375.820313,4048.701904,74,
7,9.0,-15141.382813,76623.625,4855.092773,253,
7,3.0,-11243.75,54889.8125,1422.442383,160,
7,10.0,-45750.222656,66896.476563,2214.205078,118,
7,4.0,-18617.5625,42526.296875,1197.722656,100,
7,8.0,-59654.945313,69618.96875,2038.645996,57,
7,18.0,-35989.234375,64355.480469,7110.095215,76,
7,3.0,-35023.289063,11136.082031,4637.488281,207,
7,3.0,-37195.128906,15987.353516,8000.0,151,
7,19.0,-60051.785156,3608.459717,4325.986328,106,
7,10.0,-6610.898438,6380.174805,1471.401367,39,
7,14.0,-26434.351563,50552.277344,2195.188477,57,
7,7.0,-75599.234375,58325.996094,1427.39502,234,
7,18.0,-8019.828125,33697.414063,1015.973633,289,
7,4.0,-69028.328125,43710.660156,6913.085449,11,
8,0.0,-39502.332031,24511.685547,2173.44043,310,
8,1.0,-12089.71875,80407.429688,3835.140625,187,
8,1.0,-78011.023438,13483.272461,858.146484,126,
8,1.0,-6927.75,59224.269531,2234.381348,226,
8,0.0,-81539.5,23250.416016,1117.569824,57,
8,0.0,-6100.234375,53711.601563,2440.347168,223,
8,1.0,-83892.84375,38456.398438,3730.801758,121,
8,0.0,-54102.285156,22204.486328,8000.0,179,
8,1.0,-68711.46875,30335.056641,5928.129883,124,
8,1.0,-92287.96875,40022.21875,816.432617,42,
8,1.0,-28338.5625,8139.799316,3055.202637,29,
8,0.0,-41271.183594,26511.257813,2000.724609,342,
8,1.0,-36315.316406,59147.359375,4026.068359,325,
8,1.0,-2728.648438,26809.654297,874.5625,70,
8,1.0,-41781.839844,54797.519531,3188.928223,331,
8,1.0,-72993.632813,80607.390625,2114.699707,16,
8,0.0,-64389.316406,172.270889,2060.563965,83,
8,1.0,-24031.789063,98815.8125,1241.574219,73,
8,1.0,-38437.9375,624.481934,4918.80127,294,
8,0.0,-23468.828125,79826.015625,8000.0,126,
8,0.0,-43630.679688,63663.316406,2356.196777,264,
8,0.0,-7742.960938,10379.321289,1688.672852,307,
8,1.0,-37973.425781,45737.921875,2600.171387,226,
8,0.0,-57999.914063,97736.039063,2141.097168,11,
8,1.0,-51948.902344,30799.572266,4309.506348,79,
8,0.0,-20724.796875,81785.601563,8000.0,243,
8,0.0,-34466.484375,87190.601563,7656.718262,261,
8,1.0,-8745.820313,56049.5625,2164.079102,53,
8,1.0,-58485.964844,14892.203125,8000.0,66,
8,0.0,-4392.90625,6318.649902,1090.539063,270,
8,1.0,-47848.238281,30925.699219,2028.89209,299,
8,1.0,-11782.101563,32230.035156,1798.020508,173,
8,1.0,-31067.210938,58747.445313,4131.148926,127,
8,0.0,-75688.445313,24760.863281,1702.255371,342,
8,1.0,-11151.46875,66010.507813,884.979492,306,
8,1.0,-45301.089844,53176.328125,4549.150391,113,
8,0.0,-25449.945313,5669.558105,2471.033691,18,
8,1.0,-40443.664063,57193.929688,2547.052246,193,
8,0.0,-46900.746094,93783.039063,1200.689941,344,
8,1.0,-54988.25,100086.304688,3105.669434,38,
8,0.0,-24351.71875,53410.125,1827.717773,175,
8,1.0,-73747.320313,31082.589844,3786.356934,139,
8,1.0,-20792.484375,47445.246094,1515.472168,261,
8,1.0,-17079.429688,23379.619141,1097.295898,104,
8,1.0,-47946.679688,92774.023438,715.25293,184,
8,0.0,-5312.710938,85652.46875,1310.529297,39,
8,0.0,-31731.679688,47359.109375,1968.062012,120,
8,1.0,-12954.15625,18648.322266,1506.864258,144,
8,1.0,-51945.824219,63211.109375,1759.600586,210,
8,0.0,-16901.007813,21284.681641,1141.549316,211,
8,0.0,-45541.035156,30261.224609,1777.769531,8,
8,0.0,-56904.765625,88876.390625,731.806152,88,
8,1.0,-32423.84375,56237.214844,2017.303711,174,
8,1.0,-52693.355469,26695.833984,4204.90918,292,
8,1.0,-85034.140625,34909.464844,3807.849609,206,
8,1.0,-20512.539063,5601.879883,3858.600098,57,
8,1.0,-75608.460938,50629.179688,3269.834473,102,
8,0.0,-40197.5625,26166.716797,1749.644531,87,
8,0.0,-59088.910156,60134.839844,2262.527344,308,
8,1.0,-29489.085938,17279.384766,1081.389648,177,
8,1.0,-39419.269531,70938.6875,2608.143066,70,
8,1.0,-41991.027344,91328.179688,3307.592285,0,
8,1.0,-35109.421875,46027.089844,1550.275391,56,
8,0.0,-50376.929688,29701.347656,3179.682129,124,
8,0.0,-11096.085938,1888.827148,5532.004883,226,
9,9.0,-33242.125,21496.945313,1643.39502,358,
9,15.0,-32014.703125,74224.140625,7073.024414,55,
9,9.0,-72849.046875,19248.195313,1128.333008,49,
9,7.0,-69803.546875,64927.667969,1680.0625,87,
9,14.0,-44415.128906,74937.835938,1689.896973,37,
9,11.0,-82379.320313,60605.511719,493.339844,69,
9,18.0,-27849.429688,61269.984375,3755.037598,283,
9,0.0,-33986.585938,57264.6875,2907.993164,83,
9,9.0,-71197.09375,57889.167969,2332.45166,299,
9,9.0,-70428.03125,39936.082031,5824.280273,108,
9,7.0,-28981.5,100480.0625,1274.790527,146,
9,11.0,-53317.839844,74854.773438,2240.760254,15,
9,14.0,-68280.796875,47365.261719,6775.629883,40,
9,13.0,-88381.117188,35287.84375,2444.799316,349,
9,8.0,-8204.40625,646.015808,4557.835938,16,
9,18.0,-73535.054688,15092.160156,908.25,211,
9,3.0,-69662.039063,73264.34375,2848.664551,242,
9,17.0,-51155.222656,15713.56543,8000.0,201,
9,5.0,-45919.417969,35435.503906,1583.070313,337,
9,19.0,-35420.125,77863.359375,7022.30957,81,
9,15.0,-31131.8125,46100.917969,1449.127441,169,
9,17.0,-86535.359375,40486.734375,2238.408691,141,
9,7.0,-58722.839844,10339.329102,8000.0,271,
9,5.0,-63035.761719,35980.003906,4921.742188,36,
9,11.0,-25013.117188,81622.5625,8000.0,87,
9,5.0,-19906.515625,78309.421875,8000.0,141,
9,1.0,-41954.113281,75417.734375,2476.838867,79,
9,0.0,-59679.554688,90919.039063,530.04541,312,
9,8.0,-21450.804688,97883.695313,1398.996094,335,
9,2.0,-63260.328125,57006.285156,8000.0,142,
9,0.0,-52936.382813,31390.216797,5763.864258,311,
9,19.0,-93970.6875,35967.699219,944.535156,261,
9,7.0,-30556.546875,68523.820313,6952.28125,17,
9,4.0,-16550.3125,52161.164063,840.066406,216,
9,1.0,-58153.730469,73276.648438,2399.459961,106,
10,0.0,-42492.460938,43839.863281,4125.436523,59,
10,0.0,-54539.117188,23502.671875,4042.632324,290,
10,0.0,-63014.226563,93429.273438,539.938965,11,
10,0.0,-73854.984375,53000.980469,3358.240234,286,
10,0.0,-56363.34375,65945.90625,2317.705566,265,
11,1.0,-22589.023438,41400.386719,984.796387,323,
11,0.0,-8724.289063,46522.367188,1625.469727,94,
11,0.0,-8204.40625,94410.601563,1247.005859,200,
11,0.0,-41289.640625,19318.947266,8000.0,117,
11,1.0,-53883.871094,13800.12793,8000.0,281,
12,1.0,-1424.3125,41803.375,1746.514648,215,
12,1.0,-57978.378906,12837.256836,8000.0,334,
12,1.0,-15418.242188,13947.788086,2511.480469,53,
12,1.0,-19426.617188,25659.132813,624.725098,334,
12,1.0,-65164.539063,50244.648438,8000.0,71,
12,0.0,-61294.597656,64367.785156,2407.79541,250,
12,0.0,-26108.273438,65659.820313,2146.018066,248,
13,0.0,-12357.359375,11028.413086,2570.256348,102,
13,0.0,-65952.0625,9493.356445,1579.297363,81,
13,1.0,-33961.976563,76131.429688,7111.034668,225,
13,1.0,-93638.453125,35930.785156,1024.427246,80,
13,1.0,-64887.671875,63346.464844,2564.106934,20,
13,1.0,-53093.269531,2439.47876,8000.0,114,
13,1.0,-48232.769531,92152.617188,626.066406,140,
14,0.0,-12428.109375,60728.558594,1220.522949,29,
14,0.0,-26154.414063,73485.835938,8000.0,207,
14,0.0,-46780.777344,76571.328125,1498.067871,104,
14,0.0,-13975.476563,89405.507813,3746.601563,289,
14,0.0,-64939.972656,98612.773438,771.918945,345,
14,0.0,-53477.804688,94336.765625,1365.94043,133,
14,0.0,-77995.640625,24757.787109,1727.848633,148,
15,0.0,-25551.460938,9001.15332,1852.950195,131,
15,0.0,-48983.378906,78272.507813,1753.467285,324,
15,0.0,-74799.40625,77198.890625,2670.557617,356,
15,0.0,-44125.957031,92626.359375,2719.364746,255,
15,0.0,-55597.351563,89347.0625,683.729492,166,
15,0.0,-59977.953125,14606.110352,8000.0,176,
15,0.0,-73568.890625,47697.5,4531.165527,28,
15,0.0,-75626.921875,2399.487305,1139.617676,347,
15,0.0,-15042.9375,65247.59375,492.4375,350,
16,0.0,-37908.824219,47260.671875,2355.675781,143,
16,0.0,-54385.300781,59411.921875,1835.580078,84,
16,0.0,-9348.773438,80804.273438,2905.05127,20,
16,0.0,-14879.898438,86461.523438,4809.369141,312,
16,0.0,-75697.671875,63995.554688,1040.835449,113,
16,0.0,-26966.546875,91694.257813,5658.448242,190,
16,0.0,-49540.1875,42603.203125,6827.331055,67,
16,0.0,-33543.601563,96121.0,6144.653809,244,
16,0.0,-18992.859375,88645.671875,4265.881348,58,
16,0.0,-39671.527344,88642.59375,4281.321289,60,
16,0.0,-57267.765625,56384.871094,8000.0,274,
16,0.0,-32128.515625,80988.84375,8000.0,217,
16,0.0,-21558.476563,86772.226563,7237.867188,275,
16,0.0,-74830.164063,27483.357422,2700.666992,99,
16,0.0,-46079.382813,67822.429688,2088.568848,295,
16,0.0,-46134.753906,34540.3125,1581.120117,34,
16,0.0,-44024.441406,57883.015625,3157.882324,160,
16,0.0,-26895.796875,50247.722656,2214.101563,151,
16,0.0,-42843.15625,47405.257813,4533.419434,256,
16,0.0,-28919.976563,2728.647705,2691.952637,218,
16,0.0,-24028.710938,69609.742188,1226.53418,144,
16,0.0,-63011.152344,84529.625,3628.199707,325,
16,0.0,-16414.953125,439.906006,5286.344727,194,
16,0.0,-42637.046875,90645.242188,2913.67627,171,
16,0.0,-86516.898438,48605.0,1614.342285,320,
16,0.0,-35915.398438,5155.821289,5642.475586,173,
16,0.0,-42101.773438,56818.632813,3287.557129,186,
16,0.0,-71390.898438,20774.023438,1816.761719,27,
16,0.0,-38207.21875,98563.554688,2976.222168,200,
16,0.0,-73999.578125,18482.205078,819.513672,66,
16,0.0,-72119.976563,1756.547852,1739.567383,81,
16,0.0,-84203.546875,48438.878906,2062.666504,277,
16,0.0,-54120.742188,60470.15625,1744.802734,51,
16,0.0,-55815.765625,56264.902344,8000.0,355,
16,0.0,-70212.6875,49149.496094,4407.478027,265,
16,0.0,-15701.265625,1553.51416,5543.537109,8,
16,0.0,-17153.257813,42243.28125,1350.614258,301,
16,0.0,-67800.898438,94847.429688,494.240723,220,
16,0.0,-16184.234375,2516.385498,5624.03125,239,
16,0.0,-65859.773438,5229.651855,1597.512695,291,
16,0.0,-39616.148438,48014.355469,2980.05127,84,
16,0.0,-15.382813,22973.552734,595.952148,49,
16,0.0,-37801.152344,95225.804688,4802.632324,129,
16,0.0,-57566.160156,25751.421875,6223.321289,159,
16,0.0,-68683.789063,50032.386719,3852.800293,253,
16,0.0,-40951.25,39926.855469,1240.851074,206,
16,0.0,-89057.890625,41661.867188,1574.650391,169,
16,0.0,-65401.410156,14403.077148,2407.64502,250,
16,0.0,-28446.226563,58833.582031,2507.070313,223,
16,0.0,-3851.484375,78041.78125,584.990723,245,
16,0.0,-28584.664063,99686.390625,1155.065918,11,
16,0.0,-54812.902344,93137.023438,1001.715332,261,
16,0.0,-30873.40625,73765.78125,6998.411621,265,
16,0.0,-76217.5625,46236.273438,4969.545898,1,
16,0.0,-39517.710938,58144.496094,2278.568359,9,
16,0.0,-9960.953125,69277.507813,692.873535,186,
16,0.0,-56015.722656,82474.6875,2347.47998,330,
16,0.0,-77844.90625,24890.066406,1760.637695,52,
16,0.0,-37010.554688,96865.453125,3859.422363,126,
16,0.0,-64703.097656,50779.917969,8000.0,173,
16,0.0,-10720.78125,55252.8125,1675.543945,206,
16,0.0,-48285.066406,4119.120117,8000.0,82,
16,0.0,-10991.5,23161.205078,1708.25,291,
16,0.0,-20201.835938,28230.890625,1010.729492,234,
16,0.0,-5451.148438,37631.957031,508.647461,294,
16,0.0,-39363.898438,49860.113281,2590.674805,208,
16,0.0,-74747.101563,63198.804688,1131.51123,157,
16,0.0,-70415.71875,22669.003906,2688.394043,286,
16,0.0,-19192.828125,14689.167969,2210.052734,74,
16,0.0,-59907.199219,37435.078125,3209.760254,280,
16,0.0,-10087.070313,59159.664063,2220.161621,219,
16,0.0,-58209.101563,78146.382813,2901.678223,46,
16,0.0,-10714.632813,58562.867188,2026.716797,37,
16,0.0,-59762.613281,16621.064453,8000.0,244,
16,0.0,-77205.046875,44187.480469,4712.558594,26,
16,0.0,-41501.902344,80422.8125,3089.890137,176,
16,0.0,-28227.8125,54237.636719,2316.086426,145,
16,0.0,-741.382813,24868.53125,671.910156,187,
16,0.0,-40074.515625,27354.15625,1205.985352,175,
16,0.0,-65884.382813,4020.679443,1654.708008,23,
16,0.0,-65967.4375,51979.664063,7435.965332,318,
17,0.0,-43473.789063,45765.605469,4450.918457,128,
17,1.0,-45931.722656,59427.304688,2329.493652,207,
17,1.0,-19149.75,89396.28125,4077.835938,134,
17,1.0,-44138.261719,43642.980469,4633.121094,344,
17,1.0,-50472.292969,99492.585938,3179.22998,352,
17,0.0,-66115.109375,50909.125,7070.535645,226,
17,1.0,-38213.371094,90654.476563,4692.118652,13,
17,1.0,-78349.414063,40074.515625,4543.193848,110,
17,1.0,-44885.792969,23207.349609,8000.0,325,
17,1.0,-72061.523438,50619.953125,4128.375,246,
17,1.0,-81760.992188,50395.386719,1944.248535,210,
17,0.0,-48211.238281,80552.015625,1499.43457,174,
17,1.0,-43741.421875,31645.544922,3999.251465,303,
17,0.0,-15830.460938,1153.599609,5470.310547,116,
17,0.0,-11314.5,98489.726563,796.037109,159,
17,1.0,-30581.15625,69575.898438,6461.595703,127,
17,1.0,-46094.765625,63764.835938,2314.595703,76,
17,1.0,-57430.804688,83726.726563,2204.274902,221,
17,0.0,-87953.515625,48528.09375,994.620605,320,
17,0.0,-45590.261719,15633.583008,8000.0,36,
17,1.0,-22456.742188,14504.59375,1196.034668,313,
17,1.0,-9505.65625,99578.726563,594.377441,262,
17,1.0,-14129.289063,6029.480957,4973.039063,70,
17,1.0,-51219.824219,32965.265625,3301.351563,106,
17,1.0,-8601.242188,85538.640625,3102.336914,336,
17,1.0,-7518.390625,35629.308594,973.472656,54,
17,1.0,-54357.617188,91986.5,778.142578,353,
17,1.0,-14200.039063,80367.445313,4575.871582,81,
17,0.0,-73147.445313,2857.85083,1562.257813,156,
17,1.0,-76183.71875,8632.001953,912.68457,34,
17,1.0,-11126.859375,81997.859375,3372.42041,221,
17,1.0,-43298.441406,84212.773438,1289.228516,304,
17,1.0,-24825.460938,63872.503906,836.153809,237,
17,0.0,-38324.121094,1196.667358,4824.427734,0,
17,1.0,-65665.96875,84812.648438,1349.300293,191,
17,1.0,-57052.425781,17685.451172,8000.0,92,
17,0.0,-63866.355469,82680.796875,2097.632324,106,
17,1.0,-71630.851563,58732.0625,2036.747559,223,
17,0.0,-25911.390625,10948.429688,906.582031,358,
17,1.0,-26892.71875,94259.859375,2276.162109,230,
17,0.0,-20980.132813,43965.992188,1198.061523,10,
17,0.0,-49777.058594,77328.09375,1756.236328,106,
17,0.0,-26308.226563,54459.136719,2157.609375,304,
17,0.0,-3900.703125,48758.8125,3459.863281,44,
17,1.0,-22484.421875,1716.556274,2892.910645,244,
17,1.0,-54099.210938,92152.617188,794.035156,346,
17,0.0,-53677.761719,31507.113281,6732.5625,329,
17,1.0,-44476.652344,21546.166016,8000.0,146,
17,0.0,-3974.53125,35943.089844,982.183105,111,
17,0.0,-35715.441406,62565.09375,6779.583008,4,
17,1.0,-33300.578125,76832.8125,8000.0,235,
17,1.0,-36862.890625,738.303772,4943.657227,220,
17,1.0,-24167.148438,88153.476563,7106.11084,105,
17,1.0,-55255.882813,75076.265625,2589.945801,97,
17,1.0,-71698.523438,1273.573975,1754.02832,166,
18,0.0,-50115.449219,72436.828125,2104.346191,273,
18,0.0,-53320.914063,25136.167969,4246.517578,184,
18,0.0,-27615.632813,76503.65625,8000.0,58,
18,0.0,-12664.984375,19408.160156,1533.046387,130,
18,1.0,-39090.113281,28101.685547,742.304688,352,
18,1.0,-12994.148438,4402.13623,5553.716797,312,
18,0.0,-978.25,42154.070313,1814.132813,91,
18,1.0,-32626.875,91346.632813,6201.872559,196,
18,0.0,-48494.25,52607.21875,4567.651855,234,
18,0.0,-5349.625,36675.242188,710.416504,129,
18,1.0,-77318.859375,41843.367188,4822.781738,255,
18,1.0,-47439.09375,50939.886719,5780.283203,2,
